Explore_Iteration	MacroPopSize	MicroPopSize	Accuracy_Estimate	AveGenerality	ExpRules	Time(min)
4290	629	1043	0.9018648018648019	0.6538830297219556	0.0	4.495738824208577
8580	1242	2000	0.931934731934732	0.6355833333333333	0.4758454106280193	5.0282254099845884
12870	1366	2000	0.9324009324009324	0.6124166666666638	0.6178623718887262	6.493954094250997
17160	1455	2000	0.9312354312354313	0.6040833333333336	0.6240549828178694	7.414321748415629
21450	1471	2000	0.9405594405594405	0.5990000000000013	0.6458191706322229	8.344904911518096
25740	1481	2000	0.9386946386946387	0.5979999999999991	0.6515867656988521	9.26855403582255
30030	1465	2000	0.9403263403263403	0.6025833333333327	0.6552901023890785	10.249939592679342
34320	1488	2000	0.9412587412587412	0.5979166666666665	0.646505376344086	11.482141284147898
38610	1511	2000	0.9498834498834499	0.588833333333334	0.6452680344142951	12.418966702620189
42900	1513	2000	0.9473193473193473	0.5826666666666678	0.6424322538003966	13.394007269541422
47190	1481	2000	0.9508158508158508	0.5854166666666657	0.6441593517893315	14.33331644932429
51480	1491	2000	0.9578088578088578	0.5873333333333328	0.6398390342052314	15.955281257629395
55770	1482	2000	0.9620046620046621	0.5892499999999999	0.6524966261808367	16.87235207557678
60060	1493	2000	0.9655011655011655	0.5866666666666669	0.6604152712659076	17.798205637931822
64350	1501	2000	0.9657342657342657	0.592916666666667	0.6415722851432378	18.78517832358678
68640	1473	2000	0.9603729603729604	0.5963333333333327	0.6551255940257977	19.792767333984376
72930	1418	2000	0.9664335664335665	0.6105	0.655148095909732	20.867152543862662
77220	1433	2000	0.9722610722610723	0.6094166666666677	0.6489881367759944	21.991559680302938
81510	1443	2000	0.9757575757575757	0.6200833333333329	0.6451836451836452	23.308009080092113
85800	1471	2000	0.972027972027972	0.6177500000000006	0.6560163154316792	24.54126050074895
90090	1448	2000	0.9736596736596737	0.6208333333333325	0.6408839779005525	25.842518436908723
94380	1450	2000	0.9710955710955711	0.6161666666666666	0.666896551724138	27.11901481548945
98670	1452	2000	0.9631701631701631	0.6249166666666661	0.6646005509641874	28.247004187107088
102960	1470	2000	0.9634032634032634	0.6286666666666663	0.6639455782312925	30.30588107506434
107250	1476	2000	0.9636363636363636	0.6261666666666659	0.6653116531165312	31.370935718218487
111540	1451	2000	0.9599067599067599	0.6299999999999994	0.6712611991729841	32.477787899971005
115830	1443	2000	0.9608391608391609	0.62875	0.6645876645876646	33.73053545157115
120120	1473	2000	0.9599067599067599	0.6374999999999983	0.6612355736591989	34.91033806800842
124410	1454	2000	0.9662004662004662	0.6362499999999992	0.6705639614855571	35.934269575277966
128700	1458	2000	0.965967365967366	0.6323333333333327	0.6515775034293553	37.00003708998362
132990	1427	2000	0.9673659673659674	0.6468333333333323	0.6643307638402243	38.09980652332306
137280	1445	2000	0.9613053613053613	0.6409999999999978	0.6678200692041523	39.315448546409606
141570	1431	2000	0.9643356643356643	0.6402499999999983	0.673654786862334	40.51115489403407
145860	1392	2000	0.9717948717948718	0.6509166666666666	0.6666666666666666	41.58836882511775
150150	1395	2000	0.9741258741258741	0.6579166666666653	0.6580645161290323	42.701260232925414
154440	1376	2000	0.9703962703962704	0.6654166666666644	0.6765988372093024	43.857625703016915
158730	1385	2000	0.9717948717948718	0.668333333333332	0.6700361010830325	44.80935411453247
163020	1367	2000	0.9666666666666667	0.6718333333333326	0.681784930504755	45.898867917060855
167310	1376	2000	0.9699300699300699	0.6748333333333305	0.6722383720930233	46.999100959300996
171600	1355	2000	0.9773892773892774	0.6842499999999989	0.6782287822878229	48.140873344739276
175890	1379	2000	0.9783216783216783	0.6775833333333305	0.6831036983321247	49.331665066878
180180	1363	2000	0.972960372960373	0.6796666666666653	0.6903888481291269	50.31169152259827
184470	1352	2000	0.9734265734265735	0.6776666666666645	0.6952662721893491	51.31072473128636
188760	1353	2000	0.9715617715617716	0.6804999999999989	0.6851441241685144	52.343625672658284
193050	1364	2000	0.9692307692307692	0.6806666666666658	0.6825513196480938	53.42130681673686
197340	1351	2000	0.9682983682983684	0.6744166666666653	0.7068837897853442	54.38020218213399
201630	1347	2000	0.9587412587412587	0.6767499999999992	0.676317743132888	55.92044650316238
205920	1370	2000	0.9552447552447553	0.6739999999999983	0.6824817518248175	56.94464507897695
210210	1350	2000	0.9615384615384616	0.6821666666666651	0.6948148148148148	58.059968797365826
214500	1348	2000	0.9631701631701631	0.6834166666666647	0.7129080118694362	59.03596476316452
218790	1320	2000	0.9638694638694638	0.6894166666666645	0.6946969696969697	60.05375596682231
223080	1331	2000	0.9641025641025641	0.6851666666666654	0.6776859504132231	61.40727927684784
227370	1350	2000	0.9627039627039627	0.6847499999999994	0.6985185185185185	62.86565142075221
231660	1326	2000	0.9592074592074592	0.6909999999999984	0.6953242835595776	63.951349345843
235950	1307	2000	0.9638694638694638	0.6984999999999975	0.7046671767406274	64.87530076503754
240240	1321	2000	0.9673659673659674	0.6954166666666645	0.7024981074943225	65.85876302719116
244530	1339	2000	0.9668997668997669	0.6952499999999996	0.7050037341299478	67.22067491610845
248820	1337	2000	0.9631701631701631	0.6935833333333324	0.7180254300673149	68.45597840150198
253110	1337	2000	0.9594405594405594	0.6954166666666669	0.7083021690351533	69.81186762650808
257400	1352	2000	0.9561771561771562	0.6975833333333311	0.7056213017751479	70.6672723253568
261690	1344	2000	0.9512820512820512	0.696333333333331	0.7247023809523809	71.54348136583964
265980	1309	2000	0.9487179487179487	0.7004166666666655	0.7173414820473644	72.85827660560608
270270	1318	2000	0.9512820512820512	0.7011666666666645	0.7215477996965098	73.96533461411794
274560	1314	2000	0.9505827505827505	0.7032499999999998	0.7321156773211568	74.90738006035487
278850	1326	2000	0.948951048951049	0.7055833333333328	0.722473604826546	75.83261576890945
283140	1297	2000	0.9498834498834499	0.7043333333333337	0.7393986121819583	76.7919801791509
287430	1282	2000	0.9536130536130536	0.7037499999999977	0.7449297971918877	77.81049698193868
291720	1293	2000	0.951981351981352	0.7042499999999978	0.7331786542923434	78.68286170164744
296010	1279	2000	0.948951048951049	0.7032499999999993	0.743549648162627	79.6170213063558
