Performance Statistics:------------------------------------------------------------------------
Training Accuracy	Testing Accuracy	Training Coverage	Testing Coverage
0.7711178598444548	0.5895149397757302	1.0	1.0

Population Characterization:------------------------------------------------------------------------
MacroPopSize	MicroPopSize	Generality
1126	2692	0.5944774640911413

SpecificitySum:------------------------------------------------------------------------
R_0	R_1	R_2
1713	917	645

AccuracySum:------------------------------------------------------------------------
R_0	R_1	R_2
1243.16697455654	590.5888847470176	400.36916953633

AttributeTrackingGlobalSums:------------------------------------------------------------------------
R_0	R_1	R_2
565565.543444386	223067.11613767614	152049.18161395143

Run Time(in minutes):------------------------------------------------------------------------
Global Time	10.151123042901357
Matching Time	0.1592033823331197
Covering Time	0.0
Deletion Time	0.0
Subsumption Time	0.04174854358037313
Selection Time	0.0031180977821350098
Crossover Time	0.0
Mutation Time	0.0005376100540161133
Attribute Tracking-Feedback Time	0.013890532652537028
Expert Knowledge Time	9.36064784526825
Output File Time	0.0
Initialization Time	9.3639812707901
Add Classifier Time	0.006436288356781006
Evaluation Time	0.3502027233441671
Rule Compaction Time	0.0

CorrectTrackerSave:------------------------------------------------------------------------
1	1	1	1	1	1	1	1	0	0	0	1	0	0	1	0	1	1	1	0	1	1	1	1	0	0	0	1	1	1	1	1	0	1	1	0	1	1	0	1	1	1	1	0	0	0	0	1	1	0	1	0	1	1	1	1	1	0	1	1	1	1	1	1	1	1	1	1	1	1	1	0	1	1	0	1	1	1	1	1	1	0	1	1	1	1	1	0	1	1	1	1	1	1	1	0	1	1	1	1	0	1	0	1	1	0	1	1	1	1	1	1	1	0	1	1	0	1	1	0	1	1	1	1	1	1	1	1	1	1	1	0	1	0	1	1	0	1	1	1	1	1	1	0	1	1	1	0	1	1	1	1	1	1	1	1	1	1	1	1	1	0	1	0	0	1	1	1	0	1	0	1	0	0	1	0	0	1	0	0	1	1	1	0	1	1	1	0	1	0	1	0	1	1	1	0	0	1	1	1	1	1	1	1	0	1	1	1	1	0	1	1	1	1	0	1	0	1	0	0	0	0	1	1	0	0	0	1	1	1	1	1	1	1	1	1	1	1	1	1	1	1	1	1	1	1	0	0	1	1	1	1	0	1	1	0	0	1	0	0	1	1	1	1	1	1	1	1	0	1	1	1	1	1	1	1	0	1	1	1	1	1	1	0	1	1	1	1	1	1	1	1	1	1	0	1	1	1	1	1	1	1	1	0	1	1	1	1	1	1	1	1	1	0	0	0	0	1	1	1	0	1	1	1	0	1	1	1	1	1	1	1	1	1	1	1	0	1	1	0	0	0	1	1	1	0	1	1	1	0	1	1	1	1	0	1	1	0	1	1	1	1	1	0	1	1	1	0	1	1	1	1	1	1	1	1	1	1	0	1	1	1	1	1	1	0	1	1	1	1	1	1	1	1	1	0	1	1	1	1	1	1	1	0	1	0	1	1	1	1	1	1	0	1	0	0	1	1	1	1	1	0	1	1	1	1	1	0	1	1	1	1	0	1	1	0	1	1	1	1	1	1	1	0	0	1	1	1	1	1	1	1	1	1	1	0	1	0	1	1	1	1	0	1	1	1	1	1	0	0	1	1	1	1	1	0	1	1	1	1	1	1	0	1	1	1	0	1	1	1	1	0	1	1	1	0	1	1	1	1	1	1	0	1	1	1	1	1	1	0	0	1	1	0	1	1	1	0	1	0	1	1	1	1	1	1	1	1	1	0	1	1	1	0	1	1	1	0	0	1	0	1	1	0	1	1	0	0	1	1	0	1	1	1	1	1	1	0	1	1	1	1	1	1	1	1	0	1	1	1	0	1	0	1	1	1	1	1	1	1	1	1	1	1	1	1	1	1	1	1	0	1	1	1	1	1	0	1	1	0	1	1	1	1	1	1	0	1	1	1	1	1	1	1	1	1	1	0	1	1	1	1	1	1	1	1	0	1	1	1	0	1	1	1	1	1	1	1	1	1	1	1	0	1	1	1	1	0	0	1	0	1	1	1	1	0	1	1	1	1	0	1	1	1	1	1	1	1	1	1	1	1	0	1	1	1	1	1	1	1	0	1	1	1	1	0	1	1	1	1	1	0	1	1	1	1	0	1	1	1	1	1	0	1	0	0	1	1	0	1	1	0	1	0	1	1	1	1	0	1	1	0	1	1	1	1	1	1	1	1	1	0	1	1	1	1	1	1	1	1	1	1	1	0	1	0	1	0	1	1	1	0	1	1	1	1	1	1	1	0	1	0	1	0	1	1	1	0	1	1	1	1	1	1	1	1	1	1	1	0	1	1	0	0	1	1	1	0	1	1	1	1	1	1	1	1	1	0	0	0	1	1	0	0	1	1	1	1	1	1	1	1	1	1	1	1	1	0	1	1	1	0	1	1	1	0	0	1	1	1	1	0	1	1	0	1	1	1	1	1	1	1	1	0	0	1	1	1	0	1	1	0	1	1	1	0	1	1	1	1	1	0	1	0	1	1	1	0	1	1	1	1	1	1	1	1	1	0	1	1	1	0	0	1	1	1	1	1	1	1	1	1	1	1	1	1	1	1	1	1	1	1	1	1	1	1	1	0	1	1	1	0	1	1	1	0	1	1	1	0	1	1	1	0	1	1	1	0	0	1	1	0	1	1	1	1	1	0	0	0	0	1	1	1	1	1	1	1	1	0	0	1	1	0	1	1	1	1	1	1	1	0	1	1	1	1	1	1	1	1	1	0	1	1	1	0	1	0	1	1	0	1	1	1	1	1	1	1	0	1	0	1	1	1	1	1	1	1	1	1	1	1	1	1	1	1	1	1	0	1	1	1	1	1	1	0	1	1	0	0	0	1	1	0	0	1	1	1	1	1	0	1	1	1	1	0	0	0	1	1	0	0	1	1	1	0	1	1	1	1	1	1	1	1	1	0	1	1	1	1	1	1	1	0	1	1	1	1	0	1	0	1	0	0	1	1	1	0	1	1	1	1	1	1	1	1	1	1	1	1	1	1	1	1	1	1	1	0	1	1	1	0	1	1	0	1	0	1	1	1	1	1	0	1	1	0	1	0	1	0	0	0	1	0	1	0	1	0	1	1	1	1	1	1	1	1	0	1	0	1	1	1	1	1	1	1	0	0	1	1	1	1	0	1	1	1	1	0	0	1	0	1	1	0	0	1	0	1	0	1	0	1	1	1	1	1	0	1	1	1	1	1	0	1	1	1	1	0	1	0	1	0	1	0	0	0	1	1	1	1	1	1	0	1	1	1	1	0	1	1	1	1	0	1	1	0	1	1	0	1	1	0	1	1	0	0	0	1	1	0	0	1	1	1	0	1	1	1	0	1	1	1	1	1	1	1	1	1	1	1	1	1	1	1	0	0	1	1	1	0	1	1	1	1	1	1	1	1	1	1	1	1	0	1	1	0	1	0	1	1	0	1	0	1	1	0	0	1	0	1	1	1	0	1	1	1	1	1	1	0	1	1	0	0	1	1	1	1	1	1	1	1	1	1	0	1	0	1	1	1	1	1	0	1	1	0	0	1	1	1	0	1	1	0	1	0	0	0	0	1	1	0	1	1	1	1	1	1	1	1	1	0	1	1	1	1	1	1	1	1	1	1	1	0	1	0	1	1	1	1	1	1	1	0	1	1	0	1	1	1	1	1	1	1	1	1	0	0	1	1	1	1	1	1	1	1	0	1	1	1	1	1	1	0	1	1	0	1	1	1	1	1	1	1	1	0	1	1	1	1	0	1	1	1	0	1	1	1	1	1	0	1	1	0	0	0	1	1	0	1	1	0	0	1	1	1	1	1	1	1	1	1	1	1	1	1	1	0	1	1	1	1	1	1	0	1	1	1	1	0	1	1	1	0	1	1	0	0	1	0	0	1	1	1	1	1	1	1	1	1	1	1	1	1	0	1	1	1	0	1	1	1	1	1	1	1	1	1	0	1	1	1	1	1	1	1	1	1	1	1	1	1	0	1	1	1	0	1	1	1	1	1	1	1	1	1	1	1	1	1	1	1	0	1	1	1	1	1	1	1	1	0	1	1	1	1	1	1	1	0	1	0	1	1	1	1	1	1	1	1	0	0	1	0	1	1	1	1	0	1	1	1	1	0	0	1	0	0	1	1	1	1	0	1	1	1	1	0	1	1	1	1	1	1	1	0	1	1	1	1	1	0	1	1	1	0	0	1	1	1	1	1	1	1	1	1	1	1	1	1	1	1	1	1	0	1	1	1	1	0	1	0	1	0	1	1	1	0	0	1	1	0	0	0	0	1	1	1	0	1	1	1	0	1	0	0	0	1	1	1	1	1	1	1	1	1	0	1	1	1	1	1	1	1	0	1	1	0	1	1	0	0	1	1	1	1	1	1	0	1	1	0	1	1	1	1	1	1	0	0	1	1	1	1	1	1	1	0	1	1	1	1	1	1	1	1	1	0	1	1	1	1	0	1	1	1	1	1	0	0	1	1	1	1	1	1	1	1	1	1	0	1	1	1	0	1	1	1	1	1	0	1	1	1	0	1	0	1	1	1	1	1	1	1	1	1	1	1	0	1	1	1	1	1	1	1	1	1	1	1	0	0	1	1	0	1	1	0	1	1	1	0	1	1	0	0	0	0	1	1	1	1	1	1	1	1	1	1	0	1	1	1	1	1	1	1	1	0	1	1	1	1	1	1	1	1	1	1	0	1	1	1	1	1	1	1	1	1	1	1	1	1	1	0	1	1	1	1	1	1	1	0	1	1	1	1	1	1	1	1	1	1	1	1	0	0	1	1	1	1	1	1	1	1	1	0	1	1	1	0	1	1	1	1	1	1	0	0	1	0	1	1	0	0	1	1	1	1	1	1	1	1	1	0	1	1	1	1	1	1	1	1	0	1	0	1	0	1	1	1	0	1	1	0	1	0	1	1	1	0	1	1	1	1	1	1	1	1	1	1	0	1	1	1	0	1	0	1	1	1	1	1	0	1	0	1	0	0	1	1	1	1	1	1	0	1	1	0	1	1	1	1	1	1	1	0	1	1	1	1	0	1	0	1	0	1	1	1	1	1	0	1	1	1	1	1	1	1	1	1	1	1	1	1	1	1	0	1	0	1	0	0	0	1	1	0	0	1	1	1	1	0	1	1	1	1	1	1	1	0	0	0	0	1	1	1	1	1	1	1	1	1	0	1	0	1	1	0	1	0	0	1	1	0	1	1	0	1	1	1	1	1	1	0	1	1	1	1	1	1	1	1	1	0	0	1	1	0	1	0	1	1	1	1	1	1	1	1	1	1	1	0	0	0	1	1	1	0	1	1	1	0	1	1	1	1	1	1	1	1	1	0	1	1	1	1	1	1	1	1	1	0	1	1	0	0	1	1	1	1	1	1	1	1	1	1	1	1	1	1	1	1	1	1	1	1	1	1	1	1	1	1	1	1	0	1	1	1	1	1	1	1	1	1	0	1	1	1	0	0	0	1	1	1	1	0	1	1	1	1	0	1	1	1	0	1	1	1	1	1	1	0	0	0	0	1	1	0	1	1	1	1	1	1	1	1	1	1	1	1	0	1	1	0	1	1	1	0	0	1	1	1	1	1	1	0	0	1	1	0	1	1	1	1	0	1	1	1	1	1	0	1	1	0	0	1	1	1	1	1	0	1	1	0	1	0	1	1	0	1	0	1	1	1	1	0	0	0	1	1	1	1	0	1	1	1	1	1	1	1	1	1	1	1	1	0	1	1	1	1	1	1	1	1	1	1	1	1	1	1	1	1	1	1	0	1	1	1	0	1	1	0	1	1	1	0	1	0	1	1	0	0	1	1	0	1	1	1	0	1	1	1	0	1	1	1	1	1	1	1	1	1	1	1	1	0	0	1	1	1	0	1	0	1	1	1	0	0	1	1	1	1	1	1	1	1	1	1	1	1	0	0	1	1	1	1	1	1	0	1	0	1	0	0	1	1	0	1	1	1	1	0	1	1	0	0	1	0	0	1	0	1	1	1	1	0	1	1	1	1	0	1	1	0	1	1	1	1	1	1	1	0	1	1	1	1	1	1	1	1	0	0	1	0	1	0	1	0	1	1	0	0	1	1	1	0	1	1	1	0	0	1	1	1	1	1	1	1	1	1	1	0	1	1	1	1	1	0	1	1	1	0	1	0	1	1	1	1	1	1	1	0	1	1	1	0	1	0	0	1	0	1	1	1	1	1	0	1	1	0	1	1	1	1	1	1	1	1	1	1	1	1	0	1	1	0	1	1	0	0	1	1	1	0	1	0	1	1	1	0	0	1	1	1	1	0	1	1	1	1	1	1	1	1	1	1	1	1	0	1	1	0	1	1	1	1	1	1	1	1	1	1	1	0	1	1	1	1	1	0	1	0	1	0	0	1	0	1	1	1	1	1	1	1	1	1	1	1	1	1	1	0	1	1	1	1	1	1	1	0	1	1	1	1	1	0	1	1	1	1	1	1	1	1	1	1	1	0	1	1	1	1	1	1	1	0	1	0	1	1	1	0	1	1	1	1	1	1	1	1	1	0	1	1	1	1	1	1	1	0	1	1	1	1	1	1	1	1	1	1	0	1	1	1	0	1	1	1	1	1	1	1	1	1	1	1	1	0	1	1	1	1	0	1	1	1	1	1	1	1	1	1	1	1	1	1	0	1	1	1	1	1	1	1	0	0	0	1	1	1	1	0	1	0	1	1	1	1	1	1	1	1	1	1	1	1	1	1	1	1	0	0	1	0	0	1	1	0	1	0	1	1	1	1	1	0	0	1	1	1	1	1	1	0	0	1	1	1	1	0	1	1	0	1	1	1	1	1	1	0	1	0	1	1	1	1	1	1	1	1	1	1	1	1	0	1	1	1	1	1	1	1	1	0	1	1	0	1	0	1	1	1	0	1	0	0	0	1	1	1	1	0	1	1	1	0	1	1	1	1	1	1	0	1	1	0	1	1	1	1	1	1	1	1	1	1	1	0	0	0	1	0	1	1	1	1	1	0	1	1	1	0	1	0	1	1	1	1	1	1	1	1	1	0	1	0	1	1	1	1	1	1	1	1	1	1	0	1	1	0	1	1	1	1	1	1	1	1	1	0	1	1	1	0	1	1	1	0	1	1	1	0	0	0	1	1	1	1	1	0	1	1	0	1	0	1	1	1	1	1	0	1	1	1	1	0	1	1	1	1	1	1	1	1	1	1	1	1	1	1	1	1	0	1	1	1	1	1	1	1	1	1	0	1	1	1	0	1	0	1	1	0	1	0	1	1	1	1	1	1	1	1	1	0	1	0	1	1	0	1	0	0	1	1	1	1	0	1	0	1	1	1	0	1	1	1	0	1	0	0	0	1	1	1	0	1	1	1	1	1	1	1	1	1	1	1	1	0	1	0	1	1	1	0	1	0	1	1	1	1	1	1	1	1	1	1	0	0	1	1	1	0	1	1	0	0	1	1	1	1	1	1	1	1	1	1	1	1	0	0	1	1	1	1	1	1	1	1	0	0	1	1	1	0	1	1	1	1	1	1	1	1	1	0	1	1	1	0	1	1	1	0	0	1	1	0	1	1	1	1	1	0	1	1	1	0	1	1	1	1	1	1	1	0	1	1	1	1	1	1	1	1	1	0	1	1	1	1	0	0	1	1	1	1	0	1	1	1	1	1	1	1	0	1	0	0	1	1	1	0	1	1	1	1	1	1	1	1	1	0	1	1	1	1	1	1	1	1	0	1	1	1	0	0	1	1	1	1	1	0	1	1	1	1	1	1	0	1	1	1	1	1	1	0	1	1	1	1	1	1	1	1	0	1	1	1	1	1	1	1	1	1	1	0	0	1	0	0	0	0	1	0	1	1	1	1	1	1	1	1	1	1	1	1	0	1	1	1	0	1	0	0	0	1	1	0	1	1	1	0	1	0	1	1	1	0	1	1	1	1	1	1	1	0	1	0	1	1	1	1	1	1	1	1	1	1	1	1	1	0	0	1	1	1	1	1	1	1	0	1	1	1	1	0	1	1	1	1	1	1	1	1	1	1	1	1	0	1	1	1	0	1	0	1	1	0	0	1	1	0	0	0	1	1	1	1	1	1	1	1	1	0	1	1	1	1	0	1	0	1	0	1	1	1	1	0	1	1	1	1	1	1	0	1	1	0	1	1	0	1	1	1	0	1	1	1	1	1	1	1	0	1	1	1	0	1	1	1	1	0	1	1	0	1	1	1	1	1	1	1	1	1	0	0	1	0	1	1	1	0	1	0	1	1	1	1	1	1	1	1	0	1	0	1	1	1	0	1	1	1	0	1	1	0	1	1	1	1	1	1	1	1	0	0	1	1	1	1	0	1	1	1	1	1	1	1	1	1	0	1	1	1	1	1	1	1	1	0	1	1	1	1	1	1	0	1	1	1	1	1	0	1	1	1	1	1	0	0	0	1	1	1	1	1	0	0	1	1	1	1	1	1	1	1	1	1	1	0	1	0	1	1	0	0	1	1	1	1	0	1	1	1	1	1	1	0	1	1	0	1	1	1	1	1	1	0	1	1	1	0	1	1	1	0	0	1	1	1	1	0	1	1	0	1	0	1	0	1	1	0	1	1	1	1	1	1	1	1	1	1	1	0	1	1	1	1	1	1	0	1	1	1	1	0	1	1	1	1	1	1	1	1	0	1	1	1	1	0	0	0	1	1	1	0	0	1	1	1	1	1	1	1	0	1	1	0	0	0	1	1	1	1	1	0	1	0	1	1	1	1	1	0	1	1	1	1	1	1	0	0	1	0	1	1	1	1	1	0	1	1	1	0	1	0	1	1	1	1	1	1	1	0	1	0	0	0	1	0	1	1	1	1	1	1	0	1	1	0	1	1	1	1	0	1	1	1	1	1	1	1	1	1	1	1	1	1	1	1	0	1	0	1	1	1	1	1	0	1	1	1	1	0	1	1	1	1	1	1	1	1	1	0	1	1	1	0	1	0	1	1	1	1	0	1	0	1	1	1	1	1	1	1	1	1	1	1	1	1	1	1	1	1	1	1	0	1	0	0	1	1	1	0	1	1	1	1	1	0	0	1	0	1	1	1	0	1	1	1	1	1	0	1	1	1	1	1	1	1	1	1	1	0	1	0	1	1	1	1	1	1	1	1	1	1	0	0	1	1	1	0	1	1	1	1	1	1	1	1	0	0	1	1	1	0	1	1	1	1	1	1	1	0	1	1	1	1	1	1	0	1	0	1	1	0	1	1	1	1	1	0	1	1	1	1	1	1	1	1	0	0	1	1	1	1	1	0	0	1	1	1	1	1	1	1	0	0	1	1	1	1	0	1	1	1	1	1	1	0	1	1	1	0	1	1	1	1	1	0	1	1	1	0	1	0	1	0	1	1	1	1	1	1	0	1	1	0	1	0	0	1	0	1	1	0	1	1	1	1	1	0	1	1	1	1	1	1	0	1	1	1	1	1	1	1	1	1	0	1	0	1	1	1	1	1	1	0	1	1	1	1	1	1	0	1	0	1	1	0	1	1	1	1	1	1	1	0	1	1	1	0	1	0	1	1	1	1	1	1	1	1	0	1	1	0	1	1	1	1	1	1	0	1	1	1	1	1	1	1	1	1	0	0	1	1	1	0	0	1	0	1	1	1	1	1	1	1	1	1	1	0	1	1	1	1	1	0	0	0	0	0	1	1	1	1	1	1	1	1	1	1	1	1	0	1	1	1	1	0	1	0	1	1	0	1	1	1	1	1	1	1	0	1	1	0	1	0	0	1	0	1	1	1	1	1	1	1	1	1	1	1	0	1	1	0	1	1	0	1	1	0	1	1	1	1	1	1	1	1	0	0	1	1	1	1	1	1	0	0	1	1	1	0	1	1	0	1	0	1	0	1	0	0	1	1	1	1	1	0	1	1	1	1	1	1	1	1	0	1	1	1	1	0	0	1	1	1	0	1	1	1	1	0	1	1	1	1	1	1	1	1	1	1	1	1	1	0	1	1	1	1	1	1	1	1	1	1	1	1	0	1	1	1	1	1	1	1	1	1	1	1	1	1	1	1	1	1	1	1	1	0	1	0	1	1	1	1	1	1	1	0	1	1	1	0	0	1	1	1	1	1	1	0	1	1	1	1	1	1	0	1	1	1	1	0	0	1	1	1	0	1	1	1	1	1	1	1	1	1	0	1	0	1	1	0	1	0	0	0	0	0	1	1	1	1	1	1	1	1	0	1	0	1	1	1	1	1	1	1	1	0	1	1	1	1	1	0	1	1	1	0	1	1	1	1	0	0	1	1	0	0	1	0	0	1	1	1	1	1	1	1	1	1	1	1	1	0	1	1	1	0	1	1	1	1	1	1	1	1	1	0	0	1	1	0	1	1	1	1	1	0	1	1	1	1	0	0	1	0	1	0	1	1	0	1	1	1	1	0	1	0	1	1	1	1	1	1	0	1	1	0	1	1	1	1	1	1	1	1	1	0	0	0	0	1	0	1	1	1	1	1	1	1	1	1	1	1	1	1	0	1	0	1	0	1	0	0	1	1	1	0	1	1	1	0	1	1	1	1	0	0	1	1	1	1	1	1	1	1	1	1	0	1	0	1	0	0	1	1	1	1	1	0	0	1	1	1	1	1	1	1	1	1	1	1	1	1	1	0	0	0	1	1	1	1	1	0	1	0	1	1	1	1	1	1	0	1	0	0	1	0	1	1	1	1	0	1	0	0	1	1	1	0	0	0	1	1	1	1	1	1	0	1	1	0	1	1	1	0	0	0	1	0	1	1	1	1	0	1	0	1	0	1	1	1	0	1	1	0	1	0	0	1	1	1	0	1	1	1	1	0	1	0	1	0	1	1	1	1	1	1	1	0	1	1	1	0	0	1	1	1	1	1	1	1	1	1	1	1	1	0	1	1	1	1	1	1	1	1	1	1	1	1	1	1	1	1	1	1	0	1	1	1	1	0	1	1	1	0	1	1	1	1	1	1	0	0	1	1	1	1	1	1	0	1	1	0	1	1	1	1	1	1	1	1	0	1	0	0	1	1	1	1	1	1	1	1	0	1	1	1	0	0	0	1	1	1	0	1	1	1	1	0	1	1	1	1	1	1	1	1	1	0	1	1	1	0	0	1	1	1	1	1	1	1	1	1	1	1	1	1	1	0	1	1	0	1	0	1	1	1	0	1	1	1	1	0	1	1	0	1	0	1	1	1	1	1	1	1	0	1	0	0	1	1	0	1	1	1	0	0	1	0	0	1	1	1	0	0	1	1	1	0	1	1	1	0	1	1	1	1	0	1	0	1	0	0	0	1	0	0	1	1	0	1	1	1	1	1	1	1	1	1	1	1	1	1	0	1	1	0	0	1	1	1	1	0	1	1	1	1	1	1	1	1	1	1	1	1	1	1	1	1	1	1	0	1	1	1	0	1	1	0	1	1	0	1	1	0	0	1	1	1	1	1	0	1	1	1	1	0	1	0	0	1	0	1	1	1	1	0	1	1	1	1	1	1	1	1	1	1	1	1	0	0	0	1	1	1	1	1	1	1	0	0	1	1	0	1	1	1	1	1	1	1	1	1	1	1	0	1	1	1	1	0	1	1	1	1	1	1	0	1	0	1	1	1	0	1	0	1	1	1	0	1	1	0	1	1	1	1	1	0	1	1	1	1	1	1	1	1	1	1	1	1	0	0	1	1	1	0	1	0	1	1	1	1	1	1	1	1	1	1	0	1	1	0	1	1	0	0	1	1	1	1	1	1	0	1	1	0	1	1	1	0	0	1	1	0	1	0	1	1	1	0	1	0	0	1	1	1	1	1	1	1	1	0	1	0	1	1	1	1	1	0	0	1	1	0	1	1	1	0	1	1	1	0	1	0	1	1	1	1	1	1	1	1	0	0	1	1	1	0	1	1	1	0	1	1	0	1	0	1	1	1	0	1	1	1	0	1	1	0	1	1	1	1	1	0	0	1	1	1	1	1	1	0	1	0	1	1	1	1	1	1	0	1	1	1	1	1	0	1	1	1	1	1	1	1	1	1	1	1	1	1	1	1	1	1	0	1	1	0	1	1	0	1	1	1	1	0	1	1	1	0	1	1	1	1	1	1	1	1	1	1	1	0	1	0	0	0	1	1	1	0	0	1	1	1	1	1	0	0	1	1	1	1	1	1	1	1	0	1	1	1	1	1	1	0	0	1	1	1	1	0	1	1	1	1	0	1	1	0	1	0	1	1	0	1	1	1	1	1	1	1	1	1	1	1	1	1	0	1	1	1	1	1	1	1	1	1	1	1	1	0	1	1	0	1	1	0	0	1	1	1	1	1	0	1	0	1	0	1	1	1	1	1	1	1	1	0	1	0	0	1	1	1	1	1	1	1	0	1	0	1	1	1	1	1	1	0	1	0	1	1	1	0	1	1	1	1	0	0	0	1	0	1	1	0	1	1	1	1	1	1	1	1	1	1	1	1	1	1	1	1	1	1	1	1	0	1	1	1	1	1	0	1	1	1	0	0	1	1	1	1	1	1	1	0	0	0	1	0	0	0	1	0	1	1	1	1	1	1	1	1	1	1	1	1	0	1	1	1	1	1	1	1	1	0	1	0	1	1	1	1	1	0	1	1	1	1	1	1	1	1	1	0	1	1	1	0	1	1	1	0	1	1	1	1	1	1	1	1	1	1	1	1	1	1	0	0	1	1	1	1	1	1	1	1	0	1	1	1	1	1	1	0	1	0	1	1	1	1	0	1	1	0	1	1	0	1	1	1	0	1	1	0	0	1	1	1	1	1	1	1	1	0	1	1	0	1	1	0	1	1	1	1	1	0	1	1	0	1	0	0	0	1	1	1	1	0	1	1	0	1	1	0	1	1	1	0	1	1	1	1	0	1	1	0	1	1	1	1	1	1	1	1	1	0	1	1	1	1	0	1	1	1	1	0	1	1	1	1	1	0	1	1	1	0	1	0	1	1	1	1	1	0	1	1	1	1	1	1	1	1	1	1	0	1	1	1	1	0	0	1	1	0	1	1	1	0	1	1	1	1	1	1	1	1	1	1	1	1	1	0	1	0	1	1	1	1	1	1	0	1	1	1	1	1	1	0	1	0	1	1	0	1	1	1	1	1	1	0	1	1	1	0	1	0	1	1	0	0	1	1	0	1	1	1	1	1	1	0	1	1	1	1	1	0	1	1	1	1	1	0	1	1	1	1	1	0	1	1	1	1	1	1	1	1	1	1	1	0	1	1	0	0	0	0	1	1	1	1	1	1	1	1	0	1	1	0	1	1	1	1	1	1	1	0	1	0	0	0	1	0	1	1	1	0	1	1	0	0	1	0	1	0	1	1	1	1	1	1	1	1	0	1	1	1	1	1	1	1	1	1	1	1	1	1	1	1	0	1	1	1	0	1	0	0	1	1	1	1	1	1	1	1	1	1	1	1	1	0	1	0	1	1	0	1	1	1	1	1	0	1	0	1	1	0	0	0	0	1	1	1	1	1	0	1	1	0	1	0	0	0	0	1	1	1	1	1	1	1	0	1	0	1	0	1	0	1	1	1	1	1	1	1	1	1	1	1	1	1	1	1	1	0	1	0	1	1	1	1	1	1	1	1	1	1	1	1	1	1	1	1	1	1	1	1	0	1	1	1	0	1	1	1	1	1	1	1	1	0	1	1	1	1	1	0	1	1	0	0	0	1	1	1	0	1	1	0	0	1	1	1	1	1	1	1	0	1	1	1	1	0	1	1	1	0	1	1	1	1	0	1	0	1	0	1	1	1	1	1	1	1	1	1	1	0	1	1	1	1	1	0	0	1	1	0	1	1	1	0	1	1	1	1	1	1	1	1	0	1	0	0	1	1	1	1	1	1	0	1	1	1	1	1	0	1	0	1	0	0	1	1	0	1	1	1	0	1	1	1	1	1	1	1	1	1	1	0	1	1	1	1	1	1	1	1	1	1	1	1	1	1	1	1	1	1	0	1	1	1	1	1	0	1	0	0	0	1	1	1	1	1	1	1	0	1	1	1	0	1	0	1	1	1	1	1	1	0	1	1	1	1	0	1	1	0	0	1	1	1	1	1	1	1	1	1	0	1	1	1	1	1	1	1	0	1	0	1	1	1	1	1	1	1	1	1	1	1	1	1	0	1	1	0	1	1	1	0	1	1	1	1	1	0	1	0	1	1	1	1	1	1	1	1	0	1	1	1	1	1	1	1	0	0	1	1	1	1	1	1	1	1	1	1	1	1	0	0	0	1	1	0	0	1	1	1	1	1	0	1	1	1	0	1	1	0	1	1	1	1	1	0	0	0	0	0	1	1	1	1	1	1	0	1	0	0	1	1	1	0	0	0	0	1	1	1	1	0	0	1	1	0	1	1	1	1	0	1	1	1	1	1	1	1	0	0	1	0	1	1	1	1	1	1	0	1	1	1	0	1	1	1	1	1	1	0	0	1	1	0	1	1	0	1	1	1	1	1	0	1	1	1	1	1	0	0	1	1	0	1	1	1	1	1	1	1	1	1	0	1	0	1	1	1	1	0	1	1	1	1	1	1	0	1	0	1	0	1	0	1	1	0	1	1	1	1	1	1	1	0	1	1	0	0	1	0	1	1	1	1	0	1	1	1	1	1	1	1	0	1	1	0	0	1	0	0	1	1	0	1	1	0	0	1	0	1	0	1	0	1	0	0	1	1	1	1	0	1	1	1	1	1	0	1	0	1	1	0	0	1	1	1	1	1	1	0	1	1	0	1	1	1	0	1	1	1	1	1	1	1	1	0	1	1	1	1	1	0	1	1	0	1	1	1	1	0	1	0	1	0	1	0	0	1	0	1	1	1	1	1	0	0	1	1	0	1	1	1	1	1	1	0	1	0	1	0	1	0	1	1	1	1	1	1	1	1	0	1	0	1	1	1	0	1	0	0	1	1	0	1	0	1	1	1	1	1	1	1	0	1	1	1	0	1	0	1	1	0	0	0	1	1	1	1	1	0	1	1	0	0	1	1	1	1	1	1	1	1	1	1	1	1	1	1	1	1	0	1	1	1	1	1	1	0	1	1	1	1	1	1	0	1	0	1	1	1	1	1	0	1	1	1	1	1	1	1	1	1	0	1	1	1	1	1	1	1	0	1	0	1	1	1	1	1	1	1	1	1	1	0	1	1	0	1	1	1	1	0	1	1	0	1	1	1	1	1	0	1	1	1	1	0	1	0	1	1	1	1	1	0	1	1	0	1	1	1	1	1	0	0	1	0	1	0	1	1	1	1	1	1	0	1	1	0	0	1	1	1	1	0	0	1	1	1	1	0	1	0	1	1	1	1	0	1	1	0	1	1	1	1	1	1	1	1	1	1	1	1	1	1	1	1	1	1	1	1	1	1	1	1	0	1	0	1	1	1	1	1	1	0	1	1	0	1	0	1	1	1	1	0	0	0	1	1	1	1	1	0	0	1	0	1	1	1	1	0	1	1	0	0	0	0	1	1	1	0	0	0	1	1	0	1	1	0	1	0	1	0	1	1	1	1	1	1	1	1	1	1	1	1	1	1	1	1	0	0	1	1	0	1	0	1	1	1	1	1	1	1	1	1	1	1	0	1	0	1	0	1	0	1	1	0	1	0	1	1	0	1	1	1	0	1	1	0	1	0	1	1	1	0	1	1	1	0	0	0	1	1	1	1	1	1	1	1	1	1	1	1	1	1	0	1	0	0	1	1	1	1	1	1	1	1	1	1	0	0	1	1	1	1	0	1	1	1	1	0	0	1	1	1	1	1	1	1	1	0	1	1	0	1	1	0	1	1	1	1	1	1	1	1	1	0	1	1	1	0	1	1	0	1	0	1	0	1	1	1	1	1	1	1	0	1	1	1	1	1	1	1	1	1	0	0	1	1	1	1	1	1	1	1	1	1	0	0	1	1	0	1	0	1	1	1	1	1	1	1	0	1	1	1	1	1	0	1	1	0	1	1	1	1	1	1	0	1	1	1	1	1	1	1	0	1	1	1	1	1	1	1	0	1	1	1	1	1	1	1	1	1	1	1	1	1	1	1	1	1	1	1	1	0	1	1	1	1	1	0	0	1	1	0	0	1	1	0	1	0	1	1	1	1	1	1	0	1	1	1	1	1	0	1	1	0	0	1	1	0	1	1	1	1	1	1	1	1	1	0	1	1	1	1	1	1	1	1	1	0	1	1	1	0	1	1	1	1	1	1	0	1	0	1	1	1	0	1	1	0	1	1	1	1	1	1	0	0	1	1	1	1	1	1	1	0	1	1	1	1	1	1	0	0	1	1	0	0	1	1	1	1	1	1	0	1	1	0	1	1	0	0	1	1	1	1	1	0	0	1	1	1	0	1	1	1	1	0	1	1	0	1	1	1	1	1	1	1	1	1	1	1	1	1	1	1	1	0	1	0	1	1	1	1	1	1	1	0	1	0	1	1	1	1	1	1	0	1	0	1	1	1	1	1	0	1	1	0	1	0	1	1	1	1	0	1	0	1	1	0	1	1	1	0	0	1	0	1	1	1	1	1	1	1	0	1	1	1	1	1	1	1	0	1	0	0	1	0	1	1	1	1	1	1	1	1	1	1	1	1	1	0	0	1	1	1	0	0	0	1	1	1	1	0	1	1	1	0	1	1	1	1	1	0	1	1	1	1	1	1	1	1	0	1	1	1	1	0	0	1	1	1	1	0	1	0	1	1	1	1	0	0	1	1	1	0	1	1	1	1	0	1	1	1	1	1	1	1	0	0	0	1	0	1	0	0	1	1	0	1	1	1	1	1	1	1	1	1	1	1	0	1	1	0	1	0	1	1	0	1	0	1	0	1	1	1	1	0	1	1	1	1	1	1	1	0	1	0	1	1	1	1	1	0	1	1	1	1	1	1	1	0	1	1	1	0	1	0	1	1	0	1	1	1	0	1	0	1	0	0	1	0	1	1	1	1	1	1	1	1	1	1	0	1	0	1	1	1	1	1	1	1	0	0	1	1	1	1	1	1	0	1	0	0	1	1	1	1	1	1	1	1	1	0	1	1	1	1	0	0	1	1	1	1	1	0	1	0	1	1	1	1	1	1	0	0	0	1	1	1	1	1	1	0	1	1	1	1	1	1	1	1	1	1	1	0	1	1	0	1	0	1	0	1	1	1	1	1	1	1	1	1	0	0	0	1	1	1	0	1	1	1	0	1	0	1	1	1	0	1	1	1	0	1	0	1	1	1	1	1	1	1	1	0	1	1	1	1	1	0	0	1	1	0	1	1	1	1	1	1	1	1	1	1	1	0	1	1	1	0	1	1	1	0	1	1	1	1	1	0	1	0	1	1	1	0	1	1	1	1	1	1	1	1	1	0	0	1	0	1	0	0	1	1	1	1	1	0	1	1	0	1	1	1	0	1	1	1	1	1	1	0	1	1	0	1	1	1	1	1	1	1	1	1	1	1	0	1	1	1	1	1	1	0	1	1	0	1	1	1	1	0	1	1	1	1	1	1	0	1	1	0	0	1	1	1	1	1	1	1	1	1	1	0	1	1	1	0	1	1	1	1	1	1	1	0	1	1	0	0	1	0	1	0	1	1	1	0	1	1	1	1	1	0	0	1	1	0	1	1	0	1	0	1	0	1	1	1	1	0	1	1	1	1	1	1	1	1	1	1	1	1	1	0	1	1	1	1	1	0	1	1	1	1	1	1	1	1	1	1	1	1	0	0	1	1	1	1	1	1	1	1	1	0	1	1	1	1	1	0	1	0	1	0	1	1	0	0	0	0	1	1	1	0	1	1	0	1	1	1	1	0	1	1	1	1	1	1	1	1	0	1	0	1	1	1	1	1	1	1	1	1	1	1	1	1	1	0	1	1	1	1	1	0	1	1	1	1	1	1	0	1	1	1	1	0	1	1	1	1	0	1	0	0	1	1	1	1	1	1	1	1	1	1	1	1	1	1	1	1	1	1	0	0	1	1	0	1	1	1	1	1	1	1	1	0	1	1	1	1	1	1	1	1	1	0	1	1	1	1	1	0	1	1	0	1	1	1	1	1	0	1	1	1	1	1	1	1	1	1	1	1	1	1	1	1	1	1	1	1	1	1	1	1	1	1	1	0	1	1	1	1	1	1	1	0	1	1	1	1	1	0	1	0	1	0	1	1	1	1	1	1	1	1	0	1	1	1	1	0	1	1	1	1	1	1	1	1	0	1	0	1	0	1	1	0	1	1	1	1	0	1	1	0	1	1	1	1	0	0	0	1	0	0	1	0	1	1	0	1	1	1	0	1	1	0	1	1	1	1	0	1	0	0	1	1	1	1	0	1	1	1	1	1	0	1	0	1	1	1	1	1	0	1	1	1	1	1	0	1	0	1	0	0	0	1	1	1	1	1	1	1	1	1	0	0	1	1	1	0	0	1	0	1	1	1	0	0	0	1	1	0	1	1	1	1	1	0	1	1	1	1	1	1	0	1	1	1	1	0	1	1	1	1	1	1	1	0	1	1	1	1	1	1	1	0	1	1	1	1	1	1	1	0	1	1	1	1	1	0	1	0	0	1	1	1	1	1	0	1	1	1	1	1	1	1	0	1	1	1	0	1	1	1	1	1	1	0	1	0	1	1	1	1	0	1	1	0	1	1	0	1	1	1	1	1	1	1	1	1	1	0	1	0	1	1	1	1	1	0	1	0	1	1	1	0	1	1	1	1	1	1	1	1	0	1	1	1	1	1	1	1	0	1	0	1	0	1	1	1	1	1	1	1	1	1	0	0	1	1	1	1	1	1	1	1	0	1	1	1	0	1	1	0	0	1	1	0	1	1	0	1	0	1	1	1	1	1	1	1	0	0	1	1	1	1	0	0	1	1	1	1	1	1	0	0	1	0	1	0	1	1	1	1	1	1	1	1	0	1	0	0	0	1	1	0	1	0	0	1	1	1	0	1	1	1	0	1	1	0	1	1	0	0	1	1	0	1	1	1	1	1	1	1	1	0	1	0	0	0	1	1	0	1	1	1	0	0	1	1	0	1	1	0	1	0	1	1	1	1	1	1	1	1	1	1	1	1	0	1	1	0	0	1	1	1	0	1	1	1	1	1	0	0	1	1	1	1	1	0	1	1	1	1	1	1	1	1	1	0	1	1	0	1	1	1	1	1	1	1	1	1	1	1	1	1	1	1	0	1	1	1	1	1	0	1	1	0	1	1	0	0	1	0	1	1	1	1	0	1	1	1	0	1	0	1	1	0	1	1	1	0	1	1	1	1	1	1	1	1	1	1	0	0	1	1	1	1	1	1	1	1	1	1	0	1	1	1	1	1	1	0	0	1	1	0	1	0	1	1	1	1	1	0	1	1	1	0	1	1	1	0	1	1	1	1	1	1	1	0	0	1	1	1	0	1	0	1	1	1	0	1	1	1	1	1	1	1	0	1	1	0	1	1	1	0	1	1	0	0	1	1	1	1	1	1	1	1	1	0	1	1	0	0	1	1	1	1	1	1	1	0	1	0	1	0	1	1	0	0	1	1	1	0	0	1	0	0	0	1	1	1	1	1	0	0	1	1	1	1	1	1	1	1	0	1	1	1	1	0	1	1	0	1	0	1	1	1	1	0	1	1	0	0	1	1	1	1	0	1	1	0	1	1	1	1	1	1	0	1	1	1	1	1	1	1	1	0	1	0	1	1	1	1	0	1	1	1	0	1	1	1	1	1	1	1	1	1	1	1	1	1	0	1	0	0	0	1	1	1	1	1	1	1	0	1	1	0	1	1	1	1	0	0	1	0	1	1	1	0	1	0	1	0	0	1	1	1	0	1	1	1	1	0	0	0	0	1	1	1	1	1	1	0	1	1	1	1	1	1	1	1	1	1	1	1	1	0	0	1	1	1	1	0	1	1	0	0	1	1	0	1	1	1	1	1	1	0	0	1	1	1	0	1	0	1	1	1	0	1	1	0	0	1	1	1	0	1	1	0	1	1	1	1	1	1	0	1	1	1	1	1	1	0	0	0	1	1	0	0	1	1	1	0	1	1	1	1	1	0	1	1	0	1	1	1	1	1	0	1	1	1	1	0	0	0	1	1	1	1	1	1	1	1	1	1	0	1	1	1	1	1	1	1	1	1	1	0	0	1	1	0	1	0	1	0	1	0	1	0	0	1	1	0	1	0	1	1	1	0	0	1	1	1	1	1	1	0	1	1	1	1	1	1	1	1	1	0	1	1	1	1	1	1	1	1	1	1	1	1	1	1	1	1	1	0	1	1	1	0	1	1	1	1	0	1	1	0	0	1	0	1	1	1	1	1	1	0	1	1	1	1	1	1	1	1	1	1	1	1	0	1	1	1	1	0	0	1	1	0	1	1	0	1	0	1	1	0	1	0	1	1	1	0	1	1	0	1	1	1	1	0	1	1	1	1	1	1	1	1	1	1	1	1	1	1	1	0	0	1	1	1	1	1	1	0	1	1	1	1	1	0	1	1	0	0	1	1	1	1	1	0	1	1	1	0	1	1	1	1	0	1	1	1	1	1	0	1	1	1	0	0	0	1	1	1	1	1	1	1	1	0	1	1	1	1	1	1	1	1	1	1	1	1	1	1	0	1	0	1	0	1	1	1	1	1	1	1	1	1	1	1	1	1	0	1	1	1	1	1	1	1	0	1	1	1	0	0	0	1	1	1	1	1	1	1	1	1	1	0	1	1	1	1	1	0	0	1	0	1	0	1	1	0	1	1	1	1	0	1	1	1	1	0	0	1	0	1	0	1	0	1	1	1	1	0	0	1	1	0	1	1	0	1	1	1	1	0	1	1	0	0	1	1	0	0	1	0	1	1	1	1	1	1	1	1	1	1	1	1	1	1	1	1	1	0	0	1	1	1	1	1	1	1	1	0	1	1	1	1	1	1	1	1	0	1	1	0	0	1	1	0	1	1	1	0	1	0	1	1	1	1	0	1	1	0	1	1	1	1	1	1	1	0	0	1	1	0	1	1	1	1	1	1	0	1	0	1	0	1	1	1	0	1	1	0	1	0	1	1	0	0	1	1	0	1	1	1	1	1	1	1	1	1	1	1	1	0	0	1	1	1	1	1	1	0	1	1	1	1	1	1	0	1	1	1	1	1	1	1	1	1	1	1	1	1	1	1	1	1	1	1	1	1	1	1	0	1	0	0	1	1	1	1	1	1	1	1	1	1	1	0	1	1	1	1	1	0	0	1	0	0	0	1	1	1	0	1	1	1	0	1	1	1	1	1	1	1	1	1	0	1	1	0	1	1	1	0	1	0	1	1	0	1	0	1	1	1	1	1	1	0	0	1	1	1	1	0	0	1	0	1	1	1	1	1	0	1	1	1	0	1	1	1	1	1	0	1	0	1	0	1	1	0	1	1	1	1	1	0	1	0	0	0	0	1	1	1	1	1	1	1	0	0	0	1	1	0	0	1	1	1	1	1	1	1	1	1	1	1	1	1	1	1	1	1	1	0	0	0	0	0	0	1	0	1	1	1	0	1	1	1	0	1	0	1	1	1	1	1	1	1	0	0	1	1	1	1	1	1	1	1	1	1	1	1	1	1	1	1	1	1	1	1	0	1	1	0	1	1	1	1	1	1	1	1	1	0	1	1	1	0	0	1	1	1	0	0	1	1	1	1	1	1	1	1	1	1	1	1	1	0	1	1	1	1	1	1	1	1	1	1	1	1	0	1	1	1	0	1	0	1	1	1	1	0	0	0	1	0	1	1	0	1	1	0	1	0	0	1	1	0	1	1	1	0	0	1	0	1	1	0	1	0	1	1	1	0	1	1	1	1	1	1	1	0	1	1	0	1	0	1	1	1	1	1	0	0	1	0	0	1	1	1	0	1	1	0	1	1	1	0	1	1	0	1	1	1	1	0	1	1	1	0	0	0	1	1	0	1	0	1	0	1	1	0	0	1	1	0	0	1	0	1	0	1	0	1	1	1	1	1	1	0	1	0	0	1	1	1	0	1	1	1	0	0	1	0	1	0	1	1	1	0	1	1	0	0	1	1	1	0	1	0	1	0	0	1	1	1	1	0	0	1	0	1	1	1	0	1	1	1	1	1	1	1	1	1	1	0	0	0	1	1	1	1	1	1	1	0	1	1	0	1	1	0	1	1	1	1	1	1	1	1	1	1	1	1	0	1	1	1	1	1	1	1	1	1	1	1	1	1	0	0	1	1	1	1	0	1	1	1	1	1	0	0	1	0	1	0	1	1	1	0	1	0	0	1	1	1	1	1	1	1	1	1	1	1	1	1	1	1	1	0	0	1	1	1	1	1	1	0	0	1	1	1	1	1	1	1	1	1	0	1	1	1	0	1	1	1	1	1	1	1	1	0	1	0	1	1	1	0	1	1	1	1	1	1	0	1	1	1	1	1	1	1	1	1	1	1	0	0	1	0	0	1	1	1	1	1	1	1	1	1	1	1	1	1	1	1	1	0	0	1	1	0	1	0	1	1	1	1	1	0	1	0	1	1	1	0	1	1	1	1	1	1	1	1	1	1	1	1	1	1	1	1	1	0	1	0	0	1	1	1	1	1	0	1	1	0	1	1	1	1	1	0	1	0	1	1	0	1	0	1	1	1	1	1	1	1	1	1	1	1	0	0	0	0	1	1	1	1	1	0	1	1	1	1	1	1	0	1	1	1	1	1	1	1	1	1	0	1	0	0	0	1	1	1	1	1	1	0	1	1	1	1	1	1	1	1	1	1	1	1	1	1	1	1	1	1	1	1	1	0	1	0	1	0	1	1	1	0	1	0	1	1	1	1	1	0	1	0	1	1	1	0	1	1	1	1	1	1	1	1	1	1	1	1	0	0	1	1	1	1	1	0	0	1	1	0	1	1	1	1	1	1	1	1	1	1	1	1	1	1	1	1	0	1	0	1	1	0	0	1	1	1	1	0	1	1	1	1	1	1	1	0	1	1	1	1	1	1	1	1	1	1	1	0	1	1	1	1	0	1	0	0	1	1	1	1	1	1	0	1	1	1	0	1	1	0	1	1	1	1	1	1	1	0	1	1	1	1	1	1	1	1	1	1	1	0	1	1	0	1	1	0	1	1	1	1	1	1	1	0	1	1	1	0	1	1	0	1	1	1	1	1	1	1	1	1	1	1	1	1	1	0	1	0	1	1	1	1	0.0	0.0	0.0	0.0	0.0	0.0	0.0	0.0	0.0	0.0	0.0	0.0	0.0	0.0	0.0	0.0	0.0	0.0	0.0	0.0	0.0	0.0	0.0	0.0	0.0	0.0	0.0	0.0	0.0	0.0	0.0	0.0	0.0	0.0	0.0	0.0	0.0	0.0	0.0	0.0	0.0	0.0	0.0	0.0	0.0	0.0	0.0	0.0	0.0	0.0	0.0	0.0	0.0	0.0	0.0	0.0	0.0	0.0	0.0	0.0	0.0	0.0	0.0	0.0	0.0	0.0	0.0	0.0	0.0	0.0	0.0	0.0	0.0	0.0	0.0	0.0	0.0	0.0	0.0	0.0	