Performance Statistics:------------------------------------------------------------------------
Training Accuracy	Testing Accuracy	Training Coverage	Testing Coverage
0.7557161022175802	0.5953288369870776	1.0	1.0

Population Characterization:------------------------------------------------------------------------
MacroPopSize	MicroPopSize	Generality
1102	1682	0.6565596512088759

SpecificitySum:------------------------------------------------------------------------
R_0	R_1	R_2
1391	185	157

AccuracySum:------------------------------------------------------------------------
R_0	R_1	R_2
1113.5071490063272	115.29647167831892	103.41216039641574

AttributeTrackingGlobalSums:------------------------------------------------------------------------
R_0	R_1	R_2
51819616.77280416	9200945.504371783	6074486.060388605

Run Time(in minutes):------------------------------------------------------------------------
Global Time	46.429585675398506
Matching Time	10.178353424866994
Covering Time	0.0
Deletion Time	1.2501864949862163
Subsumption Time	2.547125502427419
Selection Time	0.3354957024256388
Crossover Time	0.006696581840515137
Mutation Time	0.019822724660237632
Attribute Tracking-Feedback Time	0.7286362767219543
Expert Knowledge Time	8.94368608792623
Output File Time	0.020572908719380698
Initialization Time	8.945886095364889
Add Classifier Time	0.5146942615509034
Evaluation Time	4.456245315074921
Rule Compaction Time	6.688435872395834e-05

CorrectTrackerSave:------------------------------------------------------------------------
1	1	1	1	1	1	1	0	0	0	0	0	0	0	0	0	0	1	1	0	1	1	1	1	1	1	1	1	1	1	1	1	1	1	1	0	1	1	0	1	0	0	1	0	1	0	0	1	1	1	1	1	1	1	1	1	1	0	1	1	1	1	1	1	1	1	1	0	1	1	1	0	1	1	0	1	1	1	0	1	0	1	1	1	1	0	0	0	1	1	1	1	1	1	1	0	1	1	1	1	1	1	0	1	1	0	1	1	1	1	1	1	1	0	1	1	1	1	1	0	1	1	1	1	1	1	1	1	1	1	1	0	1	0	1	1	0	1	1	1	1	1	1	0	1	1	1	0	1	1	1	1	1	0	1	1	1	1	1	1	1	1	1	0	0	1	1	1	0	1	1	0	0	1	1	0	1	1	0	0	1	0	1	0	1	0	1	0	1	0	1	1	1	1	1	0	1	1	1	1	0	1	1	0	0	1	0	1	1	0	1	0	1	1	0	1	0	1	0	0	0	0	1	1	0	1	0	1	0	1	1	1	1	1	0	1	1	1	1	1	1	0	1	1	1	1	0	1	1	1	1	1	0	1	1	0	1	1	0	0	1	1	1	1	1	0	0	1	0	1	0	1	1	1	0	1	1	0	0	0	1	0	1	1	1	1	1	1	1	1	0	0	1	0	0	0	0	1	1	1	1	1	0	0	1	1	1	1	1	1	1	1	1	1	0	1	0	1	1	1	1	1	1	1	0	1	1	1	1	1	1	0	1	1	1	1	0	1	1	1	0	1	1	1	0	1	1	0	1	0	1	1	1	1	1	1	1	0	1	1	1	1	1	0	1	1	1	1	1	1	1	1	1	1	1	1	1	1	0	1	1	1	0	1	1	0	1	0	1	1	1	1	1	1	1	0	1	1	1	1	1	1	1	1	1	0	1	1	1	1	1	1	0	1	0	0	1	1	1	1	1	0	1	0	1	1	1	0	1	1	1	1	0	1	1	1	1	1	1	1	1	1	1	0	0	1	1	1	1	1	1	1	1	1	1	1	1	1	1	1	1	1	0	1	1	1	1	1	0	0	1	1	1	1	1	0	1	1	1	1	1	1	0	1	1	1	0	1	1	1	1	0	1	1	1	0	1	1	1	1	1	1	1	0	1	0	0	1	1	0	0	0	1	0	0	1	1	0	1	0	1	1	1	1	1	1	1	1	1	0	1	0	0	0	1	1	1	0	0	1	0	1	1	0	1	1	0	0	1	1	0	1	0	1	1	1	0	1	1	1	1	1	1	1	1	1	0	1	1	1	1	1	0	1	0	1	1	1	1	0	1	1	1	0	1	1	1	1	0	1	0	1	1	1	1	1	0	1	1	0	1	1	1	1	1	1	0	1	1	1	1	0	1	1	1	1	1	1	1	1	0	1	1	1	1	1	0	1	1	1	1	1	1	1	1	1	1	1	1	1	1	1	0	1	0	1	1	0	0	1	0	1	1	1	1	0	1	1	0	1	0	1	1	1	1	1	1	1	1	1	1	1	0	0	1	1	1	1	1	1	0	1	1	1	1	0	1	1	1	1	0	1	1	1	1	1	0	1	1	1	1	1	0	1	0	1	1	1	0	1	1	1	1	1	1	1	1	1	0	1	1	0	0	1	1	1	1	1	1	1	1	0	1	1	1	1	1	1	1	1	1	0	1	0	0	0	1	0	0	1	1	0	1	1	1	1	0	1	1	0	0	0	1	0	0	1	1	0	1	1	1	1	1	1	1	1	1	1	1	1	1	1	0	0	1	1	0	0	0	0	1	1	1	1	1	1	1	0	0	0	1	1	0	0	1	1	1	0	1	1	1	1	1	1	1	1	1	0	1	0	1	0	1	1	1	1	1	1	1	1	1	0	1	1	0	1	1	1	1	1	1	1	1	0	0	1	1	1	0	1	1	0	1	1	1	1	1	1	1	1	1	0	1	0	1	1	0	0	1	1	0	1	1	1	1	1	1	0	0	1	1	0	0	1	1	1	0	1	1	1	1	1	0	1	1	1	0	1	1	1	1	1	1	1	0	1	1	0	0	1	1	0	1	1	1	0	1	1	1	0	1	1	1	0	1	1	1	0	1	1	1	0	1	1	1	1	1	0	0	0	0	1	1	1	1	0	1	1	1	0	0	1	1	1	1	1	1	1	1	0	1	0	1	1	1	1	1	1	1	1	1	0	1	1	1	0	1	0	1	0	1	1	1	1	1	1	1	1	0	1	1	1	1	1	1	1	1	1	1	1	1	1	1	1	1	1	1	1	0	1	1	1	1	1	0	0	1	1	1	0	1	1	0	0	0	1	1	1	1	1	0	1	1	1	1	1	0	0	1	1	0	0	1	1	1	0	1	1	1	1	1	1	1	1	1	0	1	1	1	1	1	1	1	0	1	1	1	1	0	1	0	1	0	0	1	1	1	0	1	0	1	1	0	1	1	1	1	1	1	1	1	1	1	1	1	1	1	0	1	1	1	0	1	1	1	1	0	1	1	1	1	0	0	1	1	0	1	0	1	1	0	0	1	0	1	0	1	0	1	1	0	1	1	1	1	1	0	1	1	1	1	1	1	1	1	1	0	1	1	1	1	1	0	1	1	1	1	0	0	1	0	1	1	0	0	1	0	1	0	0	0	1	1	1	1	1	0	1	1	1	1	1	0	1	1	1	0	0	1	0	1	0	1	1	0	0	1	1	1	1	1	1	0	1	1	1	1	0	1	1	1	0	0	1	1	0	1	1	0	1	1	0	1	1	1	0	0	1	1	0	0	1	1	1	1	1	1	1	1	1	1	1	1	1	1	1	1	0	1	0	1	0	1	0	0	0	1	1	1	0	1	1	1	1	0	1	1	1	1	1	0	1	0	1	1	1	1	0	1	0	0	1	0	1	1	0	0	1	1	1	1	1	0	1	1	0	1	1	1	0	1	1	1	0	1	1	1	1	1	1	1	1	1	1	0	1	1	1	0	1	1	1	0	1	1	1	1	1	1	1	0	1	1	0	1	0	0	0	0	1	1	0	1	1	1	1	1	1	1	1	0	1	1	1	1	1	1	1	1	1	1	1	1	0	1	1	1	1	1	1	1	1	1	0	1	0	1	1	1	1	1	1	1	0	1	1	1	0	1	1	1	1	1	1	1	1	0	1	1	1	1	1	1	0	1	1	1	1	1	1	1	1	1	1	1	0	1	1	1	1	0	1	1	1	0	1	0	1	1	1	0	1	1	0	0	1	1	1	0	1	1	0	0	0	1	1	1	1	1	0	1	1	1	1	1	1	1	0	1	1	1	1	1	1	0	0	0	1	1	0	1	1	1	0	1	1	0	0	1	0	1	1	1	1	0	1	0	1	1	1	1	1	1	0	0	1	1	1	0	1	1	1	1	1	1	1	1	1	0	1	1	1	1	1	1	1	1	1	1	1	1	1	0	0	1	1	0	0	1	1	1	1	1	1	1	1	1	1	1	1	1	1	0	1	1	1	1	1	1	0	1	0	1	1	1	1	1	1	1	1	1	0	1	1	0	1	1	1	1	1	0	0	1	0	1	1	1	1	0	1	1	1	1	0	0	1	0	0	1	1	1	1	1	0	1	1	1	0	1	1	0	1	1	1	0	0	1	1	1	1	1	0	1	1	1	0	1	1	1	1	0	1	1	0	1	1	1	1	1	1	1	0	1	1	1	1	1	0	1	0	1	0	1	0	1	1	1	0	1	1	1	0	0	0	0	1	1	0	0	1	1	1	0	1	0	0	0	1	1	1	0	1	1	0	1	1	0	1	1	1	1	1	1	1	0	1	1	0	0	1	0	0	1	1	1	1	1	1	0	1	1	1	1	1	1	1	1	1	0	0	0	1	1	0	1	1	1	1	1	1	1	1	1	1	1	1	1	0	1	1	1	1	1	1	1	1	1	1	0	0	1	1	1	1	1	1	1	1	1	1	0	1	1	1	1	1	1	1	1	1	0	1	1	1	0	1	0	1	1	1	1	0	1	1	1	0	1	1	0	1	1	1	1	1	1	1	1	1	1	1	0	1	1	1	1	1	1	0	1	1	1	0	1	1	0	0	0	0	1	1	1	1	0	1	1	1	1	1	0	1	1	1	0	0	1	0	0	0	1	1	1	1	1	1	1	1	1	1	0	1	1	1	1	1	1	1	0	1	1	1	0	1	1	0	1	1	1	1	1	1	0	0	1	1	1	1	1	0	1	1	1	1	1	1	0	0	1	1	1	1	1	1	1	1	0	0	1	1	1	0	1	1	1	1	1	1	0	0	0	0	1	0	0	0	1	1	1	1	1	0	1	1	1	1	1	0	1	1	1	1	1	1	0	1	0	0	0	1	1	1	0	1	1	1	1	0	0	1	1	0	1	1	1	1	1	1	1	1	1	1	0	1	1	0	1	1	0	1	1	1	1	1	0	1	0	1	0	1	1	1	1	1	1	1	0	1	1	0	1	1	1	1	1	1	1	1	1	1	1	1	0	1	0	0	0	1	1	1	1	1	0	1	1	1	1	1	1	1	1	1	1	1	1	1	1	1	0	1	0	1	0	0	0	1	0	0	0	1	1	1	1	1	1	1	1	1	1	0	1	0	0	0	0	1	1	0	1	1	1	1	1	1	1	1	0	1	0	0	1	0	0	1	0	0	1	1	1	1	1	1	0	1	1	0	1	0	1	1	1	1	1	1	1	0	0	1	1	0	0	0	0	1	1	1	1	1	1	1	1	1	1	0	0	0	1	1	1	0	0	1	1	0	1	1	0	1	1	1	1	1	1	0	1	0	0	1	1	1	1	1	1	0	1	1	0	0	1	1	1	1	1	1	1	0	1	1	1	1	1	1	1	0	1	1	1	1	1	1	1	1	1	1	1	1	0	1	1	1	0	1	1	1	1	1	0	1	1	1	1	0	0	1	1	1	1	0	1	1	0	1	0	1	1	1	0	1	1	1	1	1	0	0	0	0	0	1	1	0	1	1	1	1	1	1	1	0	1	1	1	1	0	1	1	0	1	1	1	1	0	1	1	1	1	1	1	1	0	0	0	0	1	1	1	1	0	1	1	1	1	1	0	1	1	0	0	1	1	1	1	0	1	0	1	0	1	0	1	1	0	1	0	1	1	1	1	0	0	0	1	1	1	1	0	1	1	1	1	1	1	1	1	1	1	1	1	0	1	0	0	1	1	1	1	1	1	0	0	1	1	0	1	1	1	1	1	1	1	1	0	1	1	0	1	1	1	0	1	0	1	1	0	1	1	1	0	1	1	1	1	0	1	1	0	1	1	1	1	1	1	1	0	1	1	1	1	0	0	1	1	0	0	1	0	1	1	1	0	0	1	0	1	1	1	1	1	1	1	1	1	1	0	1	1	1	1	1	1	1	0	0	0	1	0	0	1	1	0	1	1	1	1	0	1	1	0	1	1	0	0	1	0	1	1	1	1	0	1	1	0	1	1	1	1	0	1	1	1	1	1	1	1	0	1	1	1	1	0	1	1	1	0	0	1	0	0	0	0	0	1	1	0	0	1	1	1	0	1	1	1	1	0	1	1	1	1	0	1	1	1	1	1	0	1	1	1	1	0	0	1	1	1	0	1	0	1	1	1	1	1	1	1	0	1	0	1	1	1	0	0	1	0	1	1	1	1	1	0	1	1	0	1	1	1	1	1	1	1	1	1	1	1	1	0	1	1	0	1	1	1	0	1	1	1	0	1	0	1	1	1	0	0	1	1	0	1	1	1	0	1	1	1	1	1	1	1	1	1	1	0	1	1	1	1	1	1	1	1	1	1	0	1	1	1	0	1	1	1	1	1	0	0	0	1	1	0	1	1	0	1	1	1	1	1	1	1	1	1	1	1	1	1	0	0	1	1	1	1	0	1	0	1	1	1	1	1	0	1	1	1	1	0	0	1	1	1	1	1	1	1	1	1	1	1	0	1	0	1	0	1	1	1	0	1	1	1	1	1	1	1	1	0	0	0	1	1	1	1	1	1	0	1	1	1	0	1	1	1	1	1	1	0	1	1	1	0	1	1	1	1	1	1	1	1	1	1	1	1	0	0	1	1	1	0	1	1	1	1	1	1	0	1	1	1	1	1	0	0	1	1	1	1	1	1	1	0	0	0	1	1	1	1	0	1	0	1	1	1	1	0	1	1	1	1	1	1	1	1	1	1	1	0	0	1	0	1	1	1	1	1	0	1	1	1	1	1	0	1	1	1	1	1	0	1	1	0	1	0	1	1	0	1	1	0	1	1	1	1	1	1	0	0	1	1	1	1	1	1	1	1	1	1	1	1	1	1	1	1	1	1	1	1	1	1	0	1	0	0	1	0	1	0	1	0	1	0	0	0	0	1	1	1	1	1	1	1	0	1	1	1	1	1	1	0	1	0	0	1	1	1	1	1	0	1	1	1	1	1	0	0	0	1	1	1	1	1	1	1	0	0	1	0	0	1	0	1	0	1	1	1	1	0	1	1	0	1	0	1	1	1	1	1	1	1	1	1	0	0	1	1	0	1	1	1	1	1	1	1	1	1	0	1	1	1	0	1	1	1	1	1	1	1	0	0	1	1	1	1	1	1	1	1	1	0	1	0	1	1	1	1	1	0	1	1	1	1	0	1	0	1	1	1	1	1	1	1	1	1	1	1	1	1	0	1	1	1	1	1	1	1	0	1	1	0	1	1	1	0	1	0	0	1	0	1	0	1	1	1	1	0	1	0	1	1	0	1	0	1	1	0	0	0	0	0	1	1	1	0	0	0	1	1	1	0	1	1	1	0	1	0	0	0	1	1	1	1	0	1	0	1	1	1	1	1	1	1	1	1	0	0	1	1	1	1	1	1	1	1	1	0	1	1	1	1	0	1	1	0	0	1	1	1	0	1	1	0	0	1	1	1	1	1	1	1	1	1	1	1	1	0	0	1	1	1	1	1	1	1	1	1	0	1	1	1	1	1	1	1	1	1	1	1	1	0	1	1	1	1	0	1	1	1	0	0	0	1	0	1	1	1	1	1	0	1	1	0	0	1	1	1	1	1	1	1	0	1	1	1	1	1	1	1	1	1	0	1	1	1	1	0	1	1	1	0	1	1	1	1	1	1	1	1	1	0	0	0	0	1	1	1	0	1	1	1	1	0	1	1	1	1	0	1	1	1	1	1	1	0	1	0	1	1	1	0	0	1	0	1	1	1	1	1	1	1	1	1	0	0	1	1	1	1	1	1	0	1	1	1	1	1	1	1	1	0	0	1	1	1	1	1	1	1	1	1	0	0	1	0	1	0	0	1	0	1	1	1	1	1	1	1	1	1	1	1	1	0	1	1	1	0	0	0	0	0	1	1	0	1	1	1	1	1	1	1	1	1	0	1	1	1	1	0	1	1	0	1	0	1	1	1	1	1	1	1	1	1	1	1	1	1	0	1	1	1	1	0	1	1	1	1	1	1	1	0	1	1	1	1	1	1	1	1	1	1	1	1	1	0	1	1	0	0	1	1	1	1	0	0	1	1	0	0	0	1	1	1	1	1	0	1	0	1	0	1	0	1	1	0	1	0	1	0	1	1	1	1	0	1	1	1	1	1	1	0	1	1	0	1	1	0	1	1	1	1	1	1	1	0	1	1	1	0	1	1	1	0	0	1	1	1	0	1	1	0	0	1	0	1	1	1	1	1	1	1	0	1	0	1	1	1	0	0	0	1	1	1	0	1	1	1	1	0	1	0	1	1	1	0	1	1	1	0	1	0	0	1	1	0	1	1	1	1	1	0	0	1	1	0	1	0	1	1	1	1	1	0	1	1	1	1	1	1	1	1	0	1	1	1	0	1	1	1	1	1	1	0	1	1	1	1	0	0	1	1	1	1	1	1	0	0	1	0	1	1	1	0	0	1	1	1	1	1	1	1	1	1	1	1	0	1	0	1	1	0	1	1	1	0	1	0	0	1	1	1	1	1	0	1	1	0	1	1	1	0	1	1	0	1	1	1	0	1	1	0	0	0	1	1	1	1	0	1	1	0	1	0	1	0	1	1	0	1	1	1	1	1	1	1	1	1	1	1	0	1	1	1	1	1	0	1	1	1	1	1	0	1	1	1	1	1	1	1	1	1	1	1	1	1	0	0	1	1	1	1	0	0	1	1	1	1	1	1	1	0	1	1	0	0	0	1	1	1	1	1	0	1	0	1	1	0	1	1	0	1	1	1	1	1	1	0	0	1	0	1	1	1	1	1	0	1	1	1	0	1	0	1	1	1	1	1	1	1	0	1	0	1	1	1	0	0	1	1	0	1	1	0	0	1	1	1	1	1	1	1	1	1	1	1	1	1	1	0	1	1	1	1	1	1	1	0	1	0	1	0	1	1	1	0	1	1	1	1	1	1	1	1	1	1	1	0	1	1	0	1	1	1	0	1	1	0	1	1	1	0	1	0	1	0	1	1	1	1	1	1	0	1	1	1	1	1	1	1	1	1	1	0	1	0	0	1	1	1	0	1	1	1	1	1	0	0	1	0	1	1	0	1	1	1	0	1	1	0	1	1	1	1	1	1	1	1	1	1	0	1	0	1	1	1	1	1	1	1	1	1	1	0	0	1	1	1	0	1	0	1	1	1	1	1	1	0	0	1	1	1	0	1	1	1	1	1	0	1	0	1	1	1	1	0	1	1	1	0	1	1	0	1	0	1	1	0	0	1	1	1	1	0	1	1	0	0	0	1	1	1	1	1	1	0	1	1	1	1	1	1	0	0	0	1	1	1	1	0	1	1	1	0	1	1	0	1	0	1	0	1	1	1	1	1	1	1	1	1	0	1	1	1	0	1	1	0	0	1	1	1	1	1	0	1	0	0	1	0	1	1	1	1	1	1	1	1	0	0	1	1	1	1	1	1	1	1	1	1	1	1	1	1	1	1	1	0	1	1	1	1	1	1	0	1	1	1	1	1	1	0	1	0	1	1	1	1	1	1	1	1	1	1	0	1	0	1	1	1	0	1	1	0	1	1	1	1	1	0	1	1	1	1	1	1	1	1	1	1	1	1	1	1	1	1	1	1	1	1	0	1	1	1	0	0	1	0	1	1	1	1	1	1	1	1	1	1	1	1	1	1	1	1	0	0	0	0	0	1	1	1	1	1	1	1	1	1	1	1	1	0	1	1	1	1	0	0	0	1	1	0	1	1	1	1	1	1	1	1	1	1	0	1	0	0	1	0	1	1	1	1	1	1	1	1	1	1	1	1	1	1	0	1	1	0	1	1	0	1	1	1	1	0	1	1	1	0	1	1	1	1	0	1	1	0	0	1	0	1	0	1	1	0	1	0	1	0	1	0	0	1	1	1	1	1	0	1	1	1	1	1	0	1	1	0	1	1	1	1	0	0	1	1	1	0	1	1	1	1	0	1	1	1	1	1	1	1	0	1	1	1	0	1	0	1	1	0	1	1	1	1	1	1	1	1	1	1	1	1	1	1	0	1	1	1	1	1	1	1	1	1	1	1	1	1	1	1	0	1	0	1	1	1	1	1	1	1	0	1	0	1	0	0	1	0	1	1	1	1	1	1	1	1	1	1	0	0	1	0	1	1	0	0	1	1	1	1	1	0	1	1	1	0	1	1	1	0	1	0	0	1	0	1	0	0	0	0	1	1	0	0	1	1	1	1	1	0	1	0	1	1	1	1	1	1	1	1	0	1	1	1	1	1	0	1	1	1	0	1	1	1	1	1	0	1	1	1	0	1	0	1	1	0	1	1	1	1	1	1	1	1	1	1	0	1	1	1	0	1	1	1	1	1	1	1	0	1	0	0	1	1	0	1	1	1	1	1	0	1	0	1	1	0	0	1	0	1	0	1	1	0	1	1	1	1	0	1	0	1	1	1	0	1	1	0	1	1	1	1	1	1	1	1	1	1	1	1	0	0	0	0	1	0	1	0	1	1	1	1	1	1	1	1	1	1	0	0	1	0	1	1	1	0	0	1	1	1	1	1	1	1	0	0	1	0	1	0	0	1	1	1	1	1	1	1	1	1	1	0	1	1	1	0	0	1	1	0	1	1	0	0	0	1	1	1	1	1	1	1	1	1	1	1	1	1	1	0	1	1	0	1	1	1	0	1	0	1	0	1	1	1	1	0	1	0	0	1	0	1	1	1	1	0	1	0	0	1	1	1	0	0	1	1	1	1	1	1	1	0	1	1	0	1	1	1	0	0	0	1	0	1	1	1	0	0	1	0	1	0	1	1	1	0	1	1	0	0	0	0	1	1	1	0	1	1	1	1	0	0	0	1	1	1	1	1	1	1	1	1	0	1	1	1	0	0	1	1	1	1	1	1	1	1	1	1	1	1	0	1	1	1	1	0	1	1	1	1	1	1	1	0	1	1	1	1	1	0	1	1	1	1	0	1	1	1	0	1	1	1	1	1	1	0	0	1	1	1	1	1	1	0	1	1	1	1	1	1	1	1	1	1	1	0	1	1	0	1	0	1	1	1	1	1	1	0	1	1	1	0	0	0	1	1	1	0	1	1	1	1	0	1	1	1	1	1	1	1	1	1	0	1	1	1	0	0	1	1	1	1	1	1	1	1	1	1	1	1	1	0	1	1	1	0	1	0	1	1	1	0	1	1	1	1	1	1	1	1	1	0	1	1	1	1	0	1	1	0	1	0	0	1	0	0	1	1	1	0	0	1	1	0	1	1	1	0	0	1	0	0	0	1	0	1	0	1	1	1	1	0	1	0	1	0	0	1	1	1	0	1	1	0	1	1	1	1	1	1	1	1	1	1	1	1	1	0	1	1	1	0	1	1	1	1	1	1	1	1	1	1	1	1	1	1	1	0	1	1	1	1	1	1	1	0	1	1	0	1	1	1	1	1	1	0	0	1	0	0	1	1	1	1	1	0	1	1	1	1	0	1	0	0	1	0	1	1	1	1	0	1	1	1	1	0	1	1	0	1	1	0	1	0	0	1	1	1	0	1	1	1	0	1	1	0	1	0	1	1	1	1	1	1	1	1	1	1	1	0	1	1	1	1	0	1	1	1	0	1	1	0	1	0	1	1	1	1	1	1	1	1	1	0	1	1	0	1	1	1	1	1	0	1	1	1	1	1	1	1	1	1	1	1	1	0	0	1	1	1	0	1	0	1	1	1	1	1	0	0	0	0	1	0	1	1	1	1	1	0	0	1	1	1	1	1	1	1	1	1	0	1	1	1	1	0	1	1	0	1	0	1	0	1	0	1	0	1	1	1	0	1	1	1	0	1	0	1	1	1	1	1	1	1	0	0	0	1	0	1	1	1	0	1	1	1	0	1	1	0	0	1	1	1	1	1	1	0	0	1	1	1	0	1	1	1	0	1	1	1	1	0	1	1	0	0	1	1	1	0	1	1	0	1	1	1	1	1	1	1	1	1	1	1	1	1	0	1	0	1	1	1	0	1	1	0	1	1	1	1	1	0	1	1	1	1	0	1	1	1	1	1	1	1	1	1	1	1	1	0	1	1	0	1	1	0	1	1	1	1	0	1	1	1	0	1	1	1	1	1	1	1	1	0	1	1	0	1	1	0	0	1	1	1	0	0	0	1	1	1	1	1	0	0	1	1	1	1	1	1	1	1	1	1	1	1	1	1	0	0	1	1	1	1	0	1	1	1	1	1	1	1	1	1	0	1	1	1	1	1	1	1	1	1	1	0	1	1	1	1	1	0	1	1	1	1	1	1	1	1	1	1	0	1	0	1	1	0	1	0	0	0	1	1	1	1	1	1	1	0	1	1	1	1	1	1	1	1	1	1	0	1	0	0	1	1	1	1	1	1	1	0	1	0	1	1	1	1	1	1	0	1	1	1	1	1	1	1	1	1	1	0	0	0	1	0	1	1	0	1	1	1	1	0	1	1	0	0	1	1	1	0	1	1	1	1	1	1	1	0	1	1	1	1	1	0	1	1	1	0	1	1	1	1	1	1	1	1	1	0	0	1	0	0	0	1	0	0	1	1	1	1	1	1	1	1	1	0	1	0	1	1	1	1	1	1	1	1	0	1	0	1	1	1	1	1	0	1	1	0	1	1	1	1	1	1	0	1	1	1	0	1	1	1	1	1	1	1	1	1	1	1	1	1	1	1	1	1	1	0	0	1	1	1	1	1	1	1	1	1	1	1	1	1	1	1	0	1	0	1	1	1	1	0	1	1	1	1	1	0	1	1	1	0	1	1	0	0	1	1	1	1	1	1	1	1	1	1	1	0	1	1	0	1	0	1	1	1	0	1	1	0	1	0	0	0	1	1	1	1	0	1	1	0	1	1	1	1	1	1	0	1	1	1	1	0	1	1	0	1	1	1	1	1	1	1	1	1	0	1	1	1	1	1	1	1	1	1	0	1	1	1	1	0	0	1	1	1	1	1	0	0	1	1	1	1	0	1	1	1	1	0	1	1	1	1	1	0	1	1	1	1	0	0	1	1	0	1	1	1	0	1	1	1	1	1	1	1	1	1	1	1	1	1	0	1	0	1	0	1	1	1	1	0	1	1	1	0	1	1	0	1	0	1	1	1	1	1	1	1	1	1	0	0	1	1	0	1	0	1	1	0	1	1	1	0	1	1	1	1	1	1	1	1	1	1	1	1	0	1	1	1	0	1	0	1	1	1	1	1	0	1	1	0	1	1	1	1	1	1	1	1	0	1	1	1	1	0	0	1	1	1	1	1	1	1	1	0	0	1	0	0	1	1	1	1	0	1	1	1	0	1	0	1	1	1	1	1	1	1	1	0	0	1	1	1	0	1	1	1	1	1	1	1	1	0	1	1	1	1	1	1	1	1	1	1	1	1	1	1	1	0	1	1	1	0	1	1	0	1	1	1	1	1	1	1	1	1	1	1	0	1	0	1	1	1	1	0	1	1	1	1	1	0	1	0	1	1	0	0	0	0	0	1	1	1	1	0	1	1	0	0	0	0	0	0	1	1	1	1	1	1	1	1	1	0	1	0	1	0	1	1	1	1	1	1	1	1	1	1	1	1	1	1	1	1	0	1	0	1	1	1	1	1	1	1	0	1	1	1	1	1	1	1	1	1	1	1	1	1	1	1	1	0	1	1	1	1	1	1	0	1	1	1	1	1	1	1	0	1	1	0	0	0	1	1	0	0	1	1	0	0	1	1	1	1	1	0	0	0	1	1	1	1	0	1	1	1	0	1	1	1	1	0	0	0	1	0	1	1	1	1	1	1	1	1	1	1	0	1	0	1	1	1	0	0	1	1	0	1	1	1	0	1	1	1	1	1	1	1	1	0	1	0	1	1	1	1	1	1	1	0	1	1	1	1	1	1	1	0	1	0	1	1	1	1	0	1	1	0	0	1	1	1	1	0	1	1	1	1	0	0	1	0	1	1	1	1	1	1	1	1	1	1	1	1	1	1	1	0	1	0	1	1	1	0	1	0	0	0	0	1	1	1	1	1	1	1	1	1	1	1	1	1	1	1	1	1	1	1	0	1	1	1	1	0	1	1	0	0	1	1	1	1	1	1	1	1	1	0	1	1	1	1	0	1	1	0	1	0	1	1	0	1	1	1	1	1	1	1	1	1	1	0	1	1	0	1	1	1	0	0	1	1	1	1	0	1	0	1	1	1	1	1	1	1	0	0	1	1	1	1	1	1	1	0	0	1	1	1	1	1	1	1	1	1	1	1	1	0	0	1	1	1	0	0	1	1	1	1	1	0	1	1	1	0	1	1	1	1	1	1	1	1	0	0	0	0	0	1	1	1	1	1	1	0	1	0	0	1	1	1	1	0	0	0	1	1	1	1	0	0	0	1	0	1	0	1	1	0	0	1	1	1	1	1	1	0	1	1	0	1	1	1	1	1	1	0	1	1	1	0	1	1	1	1	1	1	1	0	1	1	0	1	1	0	1	1	1	1	1	0	1	1	1	1	1	0	0	1	1	1	1	0	1	1	1	1	1	1	1	0	1	0	1	1	1	0	0	1	1	1	1	0	1	0	1	0	1	0	1	0	1	1	0	1	1	1	1	1	1	1	1	1	0	0	0	1	1	1	0	1	1	0	1	1	1	1	1	1	1	0	1	1	0	0	1	1	0	1	1	1	1	1	0	1	1	0	0	0	1	0	0	0	0	1	1	1	1	0	1	1	1	1	1	0	1	1	1	1	0	1	1	1	1	1	1	0	0	1	1	0	1	1	1	0	0	1	1	1	1	1	1	1	0	1	1	1	1	1	0	1	1	0	1	1	1	1	1	1	0	0	0	1	0	0	1	0	1	1	1	1	1	0	1	1	1	0	1	1	1	1	1	1	1	1	0	1	0	1	0	1	1	1	1	1	1	1	1	0	1	1	0	0	1	0	1	1	0	1	1	0	1	0	1	1	1	0	1	1	1	0	1	0	1	1	1	0	1	1	0	0	0	1	1	1	1	1	1	1	1	0	0	0	0	1	0	1	1	1	1	1	1	1	1	1	1	1	1	1	1	1	1	1	1	0	0	0	1	1	1	1	1	0	1	0	1	1	1	1	1	0	1	1	1	1	1	1	1	1	1	0	1	1	1	1	1	0	1	0	1	0	1	1	1	1	1	1	1	1	1	1	1	1	1	0	1	1	1	1	0	1	1	0	1	1	1	1	0	0	1	1	1	1	0	1	0	0	1	1	1	0	0	1	1	0	1	1	1	1	1	1	1	1	0	1	0	1	1	1	1	1	1	0	1	1	0	1	1	1	1	1	0	1	1	1	0	1	0	1	0	0	1	1	1	0	1	1	0	1	1	1	1	1	1	1	0	1	1	1	1	1	1	1	1	1	1	1	1	1	1	1	1	0	1	0	1	1	1	1	1	1	0	1	0	0	1	1	1	1	0	1	0	0	0	1	1	1	1	1	1	0	1	0	1	1	1	1	1	1	0	0	0	0	0	1	1	1	0	0	1	1	1	0	1	1	0	1	0	1	1	1	1	1	1	1	1	1	1	1	1	1	1	1	1	1	1	0	0	1	1	1	1	1	1	0	1	1	0	1	1	1	1	1	1	0	0	0	1	1	1	0	0	1	0	1	0	1	1	0	1	1	1	0	1	1	0	1	0	1	1	1	0	1	1	1	0	0	0	1	1	1	1	0	1	1	1	1	1	1	1	1	0	0	1	0	0	1	0	1	1	0	1	1	1	1	1	0	1	0	1	1	1	0	1	1	1	0	0	0	1	1	1	1	1	1	1	1	0	1	1	0	0	1	0	1	1	1	1	1	1	1	1	0	0	1	1	1	0	1	1	0	1	0	1	0	1	1	1	1	1	0	1	0	1	1	1	1	1	1	0	1	1	0	0	1	1	1	1	1	1	1	1	1	1	0	0	1	1	1	1	0	1	1	1	1	1	1	1	0	1	1	1	1	1	1	1	1	0	1	1	1	1	1	0	0	1	1	1	1	1	1	1	0	1	1	1	1	0	1	0	1	0	1	1	1	0	1	1	1	0	1	1	1	1	1	1	0	1	1	1	1	0	1	1	1	1	1	1	1	1	1	0	0	1	1	0	1	0	1	1	0	1	1	1	0	1	1	1	1	1	0	1	1	0	0	1	1	0	1	1	1	1	1	1	1	1	0	0	1	1	1	1	1	1	1	1	1	0	1	1	1	0	1	1	1	1	1	1	0	1	0	1	1	1	0	1	0	0	1	1	1	1	1	1	0	0	1	1	1	1	0	1	1	0	1	1	1	1	1	1	1	0	1	1	0	1	1	1	1	1	1	1	0	1	1	0	1	1	0	0	1	1	0	1	1	0	1	0	0	1	0	1	1	1	1	0	1	1	0	1	1	1	1	1	1	1	1	1	1	1	1	1	0	1	1	0	0	0	1	1	1	1	0	1	1	0	1	0	1	0	1	1	1	1	0	0	0	1	1	1	1	1	0	1	0	0	1	0	1	1	1	1	0	1	0	1	1	0	1	1	1	1	1	1	0	0	1	1	0	1	1	1	0	1	1	1	1	1	1	1	0	1	0	1	1	0	1	1	1	1	1	1	1	1	1	1	1	1	1	0	0	1	1	1	0	0	0	1	1	1	1	0	1	1	0	0	1	1	1	1	1	0	1	1	1	1	1	1	1	1	0	1	1	1	1	0	0	1	1	1	1	0	1	0	1	1	1	1	0	0	1	1	1	0	1	0	0	1	0	1	1	1	1	1	1	1	1	1	0	1	1	1	0	0	1	1	0	1	1	1	1	1	0	1	1	1	1	1	1	1	1	0	1	0	1	1	0	0	0	1	0	1	1	1	0	1	1	1	1	1	1	1	1	0	1	0	1	1	1	1	1	0	1	1	1	1	1	1	1	0	1	1	1	0	0	0	1	0	1	1	1	1	0	1	0	1	0	1	1	0	1	1	1	1	1	1	1	1	1	1	1	1	0	1	1	1	1	1	1	1	0	0	1	1	1	0	1	1	0	1	0	0	1	1	1	1	1	1	1	0	1	0	1	1	1	1	0	0	1	1	1	1	1	0	1	1	1	1	1	1	1	1	0	0	0	0	1	0	0	1	1	1	1	1	1	1	1	1	1	1	1	1	1	0	1	1	0	1	0	1	0	1	1	1	1	0	1	1	1	1	0	0	1	1	0	1	1	1	1	1	0	1	0	1	1	1	0	1	1	1	0	1	0	1	1	1	1	1	1	1	1	0	1	1	1	1	1	1	0	1	1	1	1	1	1	0	1	1	1	1	1	1	1	1	1	1	1	0	1	1	1	0	1	0	0	0	1	0	1	0	1	1	1	0	1	1	1	1	0	1	1	1	1	0	0	1	1	0	0	0	1	1	1	1	1	0	1	1	0	1	1	1	0	1	1	1	1	1	1	0	1	1	0	1	1	0	1	1	1	1	1	1	1	1	0	1	0	1	1	1	1	0	1	1	0	1	1	1	1	1	0	1	1	1	1	1	0	0	1	1	0	1	1	1	1	0	1	1	1	0	1	0	1	1	1	0	1	0	1	1	1	1	1	1	1	1	0	0	1	0	1	0	1	1	1	0	1	1	1	1	1	1	1	1	0	0	1	1	0	1	0	1	0	1	1	1	1	1	1	1	0	1	1	1	1	1	1	1	1	1	1	0	1	1	1	1	1	0	0	1	1	1	1	1	0	1	0	1	1	1	0	1	1	1	1	0	1	0	1	1	1	0	1	1	1	1	1	0	1	0	1	0	1	1	0	0	0	1	1	1	1	0	1	1	1	1	1	1	1	0	1	1	1	0	1	0	1	1	0	1	0	0	1	1	1	1	1	1	1	1	1	1	1	1	1	0	1	1	1	1	1	0	1	0	1	1	1	1	0	1	1	1	1	1	1	0	1	0	1	1	0	0	1	1	1	1	1	0	1	1	1	1	0	1	1	1	1	1	1	1	0	0	1	1	0	1	1	1	1	0	1	1	1	0	0	1	0	1	1	1	1	1	1	0	1	1	1	1	1	0	1	1	0	1	1	1	1	0	0	1	1	1	1	1	1	1	1	1	0	0	1	1	1	1	1	1	1	0	1	1	1	1	1	1	0	0	1	1	1	1	1	1	1	0	1	1	0	1	1	1	1	0	1	0	1	1	1	1	1	0	1	0	0	1	1	1	1	1	1	1	1	1	1	1	1	0	0	1	1	1	0	1	1	0	1	1	1	1	0	1	1	0	1	1	1	0	0	0	0	1	0	0	1	0	1	0	0	0	1	1	0	1	1	0	1	1	1	1	1	1	0	0	0	0	1	1	1	1	1	1	1	1	1	1	0	1	1	1	1	1	0	1	1	1	1	1	0	1	0	1	0	1	0	1	1	1	1	1	1	1	1	1	0	0	1	1	1	0	0	1	0	1	1	1	1	0	0	1	1	0	1	1	1	1	1	1	0	1	1	1	0	1	0	1	1	1	1	0	1	1	1	1	1	1	1	0	1	0	1	1	1	1	1	0	1	1	1	1	1	1	1	1	1	1	1	0	1	0	1	0	0	1	1	1	0	1	0	1	1	1	1	1	1	1	0	1	1	1	0	1	1	0	1	1	1	1	1	0	1	1	1	1	0	1	1	0	1	1	0	1	1	1	1	1	1	1	0	1	1	0	1	1	1	1	1	1	1	0	1	1	1	1	1	0	1	1	1	1	1	1	0	1	0	1	1	1	1	1	1	1	0	1	1	0	0	1	1	1	1	1	1	1	1	1	0	0	1	0	1	1	1	1	1	1	0	1	1	1	0	1	0	1	0	0	1	0	1	1	0	0	0	1	1	1	1	1	1	0	0	0	1	1	0	1	1	0	1	1	1	1	1	1	0	1	1	0	1	0	1	1	1	1	1	1	1	1	1	1	0	0	0	0	1	1	1	0	1	1	1	1	1	1	1	1	0	1	1	0	1	1	0	1	1	1	0	1	1	1	1	1	1	1	1	1	1	0	0	0	1	0	0	1	1	1	1	0	1	1	0	1	1	0	1	1	1	1	1	1	1	1	1	1	0	1	1	1	1	0	1	1	1	0	1	1	0	1	1	1	1	1	1	0	1	1	1	0	1	0	1	1	1	1	1	1	1	1	1	0	1	1	1	0	1	0	1	1	1	1	1	1	1	1	1	1	1	1	1	0	1	1	1	1	0	1	1	1	1	1	0	0	1	0	1	1	1	1	0	1	0	1	0	1	0	1	1	0	1	1	1	0	1	1	1	0	1	1	1	1	1	1	0	0	1	1	1	1	1	1	1	1	1	1	0	1	1	1	1	1	1	0	0	1	1	0	1	0	1	1	1	0	1	1	1	1	1	0	1	1	1	0	1	1	1	1	1	1	1	0	0	1	1	1	1	1	0	1	1	1	1	1	1	1	1	1	0	1	1	1	1	0	1	1	1	1	1	1	0	0	1	1	1	1	0	1	0	1	1	1	1	1	0	0	1	0	1	1	1	1	1	0	1	0	1	0	1	1	0	0	1	0	0	0	0	1	1	0	0	1	1	1	1	1	0	0	1	1	1	1	1	1	1	1	0	1	1	1	1	0	0	1	0	1	0	0	1	1	1	0	1	1	0	0	1	1	1	1	0	1	0	0	1	1	1	1	1	0	1	1	1	1	1	1	1	1	1	0	1	0	1	1	1	1	0	1	1	1	0	1	1	1	1	0	1	1	1	1	1	1	1	1	0	1	0	0	0	1	1	0	1	1	0	1	0	1	1	0	1	1	1	1	0	0	1	0	1	1	1	0	1	0	1	0	0	1	1	0	0	1	1	1	1	0	0	0	1	1	1	1	1	1	1	0	1	1	1	1	1	1	1	1	1	1	0	0	1	1	0	1	1	1	1	0	1	1	0	0	0	1	0	1	1	1	1	1	1	1	1	1	1	1	1	0	0	0	1	1	1	1	1	0	0	0	1	1	0	1	1	0	1	0	1	1	1	1	1	1	1	1	1	1	1	0	0	1	1	1	0	0	1	1	1	0	1	0	1	1	1	0	1	1	0	1	1	0	1	1	1	1	1	1	1	1	1	0	1	1	1	1	1	1	1	1	1	1	0	1	0	1	1	1	1	1	1	1	1	0	0	1	1	0	1	0	1	0	1	0	1	0	0	1	1	1	1	0	1	1	1	1	0	1	1	1	1	1	1	0	1	1	1	1	1	1	1	1	1	0	1	0	1	1	1	1	1	1	1	1	1	1	1	1	1	1	1	0	1	1	1	0	1	0	1	1	0	1	1	0	1	1	0	1	1	1	1	1	1	0	1	1	1	1	1	1	1	1	0	1	1	1	0	1	1	1	1	0	1	1	1	0	0	1	0	1	1	1	1	1	1	0	1	1	1	0	1	1	0	1	1	1	1	0	1	1	1	1	1	0	1	0	1	1	1	1	1	0	1	0	1	1	1	1	1	1	1	0	1	1	1	1	1	0	1	1	0	1	1	1	1	0	1	0	1	1	1	0	1	1	1	1	0	1	1	0	1	1	0	1	1	1	0	0	0	1	1	1	1	1	1	1	1	1	1	1	1	1	1	1	1	1	1	1	1	1	1	1	0	1	0	1	0	1	1	1	1	0	1	1	1	1	1	1	1	1	0	1	1	1	1	1	0	1	0	1	0	1	1	0	1	1	1	1	1	1	1	1	0	1	1	0	1	1	1	1	1	0	0	1	0	1	0	1	1	1	1	1	1	1	0	1	1	0	1	0	0	1	0	1	0	1	0	1	1	1	1	1	0	1	1	0	1	1	0	1	1	1	1	1	1	1	1	0	1	1	0	1	1	1	1	1	1	1	1	1	1	1	1	1	1	1	1	1	1	1	1	1	0	1	1	1	1	1	1	1	1	0	1	1	1	1	1	1	1	1	0	1	1	0	0	1	1	1	1	1	1	1	1	1	1	1	1	1	0	1	1	0	1	1	1	0	1	1	1	1	0	1	1	0	1	1	1	1	1	1	0	1	0	1	0	1	1	1	1	1	1	0	1	0	1	1	1	1	1	1	0	1	1	1	1	1	1	1	1	1	0	1	1	0	1	1	1	1	1	1	1	1	1	1	1	0	1	1	0	1	1	1	1	1	1	1	1	1	1	0	1	1	1	1	1	1	0	1	1	1	1	0	0	1	0	0	1	1	1	1	1	1	0	1	1	1	1	0	1	1	1	1	1	1	1	1	0	0	1	1	1	1	0	0	1	1	1	1	1	1	1	1	1	1	1	1	1	1	1	1	1	1	1	0	1	0	1	1	0	1	0	1	1	1	1	1	1	0	0	1	1	1	1	0	1	1	0	1	1	0	1	1	0	1	1	1	1	1	1	1	1	1	0	1	0	0	0	0	1	0	0	0	1	1	1	0	1	1	0	0	0	1	1	1	1	1	1	1	0	0	0	1	1	0	0	1	1	1	1	1	1	1	1	1	1	1	1	1	1	1	1	1	1	0	0	0	1	0	0	1	0	1	0	1	0	1	1	1	0	1	1	1	1	1	1	0	1	1	0	1	0	1	0	1	1	1	1	1	1	1	1	1	1	1	1	1	1	1	1	1	0	1	1	1	1	1	1	1	1	1	1	1	1	0	1	1	1	1	0	1	1	1	0	0	1	1	1	1	1	1	1	1	1	1	1	1	1	0	1	1	1	1	1	1	1	1	1	1	1	1	0	1	1	1	0	1	1	1	1	1	1	1	0	0	1	0	1	1	0	1	1	0	1	0	0	1	1	0	1	1	1	0	0	1	0	1	1	0	1	0	1	1	1	0	1	1	1	1	1	1	1	0	0	1	0	1	0	1	1	1	1	1	0	0	1	1	0	1	1	1	0	1	1	0	1	1	1	0	1	1	0	1	1	1	0	0	1	1	1	0	1	0	1	1	0	1	1	1	0	1	1	0	0	1	1	1	0	1	0	1	0	1	0	1	1	1	1	1	1	0	1	1	0	1	1	0	0	1	1	1	0	0	1	1	1	0	1	1	1	1	1	1	0	0	1	1	1	0	1	0	1	0	0	0	1	1	1	1	0	1	0	1	1	0	0	1	1	0	1	1	1	0	1	0	1	0	0	0	1	1	1	0	1	1	1	0	1	1	0	1	1	1	1	1	1	1	1	1	1	1	1	1	1	1	0	1	0	1	0	1	1	1	1	1	1	1	0	1	1	0	0	1	0	1	0	1	0	1	1	1	0	1	1	0	1	0	1	1	1	1	1	0	0	1	1	1	1	1	1	1	1	1	1	1	1	1	1	1	1	1	0	1	1	1	1	1	1	0	0	1	1	1	1	1	1	1	1	1	1	1	1	1	0	1	1	1	1	1	1	1	1	0	1	0	1	0	1	0	1	1	1	1	1	1	0	1	1	1	1	1	1	0	1	1	1	0	0	0	1	0	0	1	1	1	1	1	1	1	1	1	1	1	1	1	0	1	1	0	0	1	1	0	1	0	1	1	1	1	1	0	1	0	1	1	1	0	1	1	1	1	1	1	1	1	1	1	1	1	1	1	1	1	1	0	1	0	0	1	1	1	1	1	1	1	1	1	1	1	0	1	1	0	1	0	1	1	0	1	0	1	1	1	1	1	1	1	1	1	1	1	0	0	0	0	1	1	1	1	1	0	1	1	1	1	1	1	1	0	0	1	1	1	1	1	1	1	0	1	0	0	1	0	1	1	1	1	1	0	1	1	1	1	1	1	1	1	1	1	1	1	1	1	1	0	1	0	1	1	1	0	1	0	1	1	1	1	1	0	1	0	1	1	1	1	1	0	1	0	1	1	1	1	1	1	1	1	0	1	1	1	1	1	1	1	1	0	1	1	1	1	0	0	0	1	1	0	1	1	1	1	1	1	1	1	0	1	1	1	1	1	1	1	1	1	0	1	1	0	0	1	1	1	1	1	1	1	1	1	1	1	1	0	1	1	1	1	1	1	1	1	1	1	0	0	1	1	1	1	0	1	0	0	1	1	1	1	1	1	0	1	1	0	0	0	1	0	1	1	1	1	1	1	1	1	1	0	0	1	1	1	1	1	1	1	1	1	1	1	0	1	1	0	1	1	1	1	1	1	1	0	1	1	1	0	1	1	0	1	1	1	1	1	1	1	1	1	1	1	1	1	1	0	1	0	1	1	1	1	1	0	1	1	1	1	1	1	0	1	1	1	1	1	1	0	1	1	1	0	1	1	0	1	1	1	1	1	1	0	0	0	0	1	1	1	1	1	1	0	1	1	1	1	1	1	1	1	0	1	1	1	1	1	1	1	1	1	0	1	1	1	1	1	1	1	1	0	1	0	1	0	1	0	1	0	0	1	1	0	