Performance Statistics:------------------------------------------------------------------------
Training Accuracy	Testing Accuracy	Training Coverage	Testing Coverage
0.7579365485538783	0.5880631082837549	1.0	1.0

Population Characterization:------------------------------------------------------------------------
MacroPopSize	MicroPopSize	Generality
1409	2000	0.6513333333333385

SpecificitySum:------------------------------------------------------------------------
R_0	R_1	R_2
1581	283	228

AccuracySum:------------------------------------------------------------------------
R_0	R_1	R_2
1163.2521816567075	163.47098675819382	144.21712806742545

AttributeTrackingGlobalSums:------------------------------------------------------------------------
R_0	R_1	R_2
31854614.505515385	6846002.149174173	4766758.793971782

Run Time(in minutes):------------------------------------------------------------------------
Global Time	33.72646192709605
Matching Time	6.703516920407613
Covering Time	0.0
Deletion Time	0.929890509446462
Subsumption Time	1.7251722455024718
Selection Time	0.21548393567403157
Crossover Time	0.005133481820424398
Mutation Time	0.013521075248718262
Attribute Tracking-Feedback Time	0.479858140150706
Expert Knowledge Time	8.94368608792623
Output File Time	0.011839218934377034
Initialization Time	8.945886095364889
Add Classifier Time	0.3637429356575012
Evaluation Time	2.946567908922831
Rule Compaction Time	0.0

CorrectTrackerSave:------------------------------------------------------------------------
1	1	1	1	1	1	1	0	0	0	0	0	0	0	0	1	0	1	1	0	1	1	1	1	1	1	1	0	1	1	1	1	1	1	1	0	1	1	0	1	0	0	1	0	0	0	0	1	1	1	1	1	1	1	1	1	1	0	1	1	1	1	1	1	1	1	1	0	1	1	1	0	1	1	0	1	1	1	0	1	0	1	1	1	1	1	0	0	1	1	1	1	1	1	1	0	1	1	1	1	1	1	0	1	1	0	1	1	1	1	1	1	1	0	1	1	0	1	1	0	1	1	1	1	1	1	1	1	1	1	1	0	1	0	1	1	0	1	1	1	1	1	1	0	1	1	1	0	1	1	1	1	1	1	1	1	1	1	1	1	1	1	1	0	0	1	1	0	0	1	1	0	0	1	1	0	1	1	0	0	1	0	1	0	1	0	1	0	1	1	1	1	1	0	1	0	1	1	1	1	0	1	1	0	0	1	0	1	1	0	1	0	1	1	1	1	0	1	0	0	0	0	1	1	0	1	0	1	0	1	1	1	1	1	1	1	1	1	1	1	1	1	1	1	1	1	0	0	1	1	1	1	0	1	1	0	1	1	0	0	1	1	1	1	1	1	1	1	0	1	0	1	1	1	0	1	0	0	0	0	1	0	1	1	1	1	1	1	1	1	0	1	1	0	0	1	1	1	1	1	1	1	0	0	1	1	1	1	1	1	1	1	1	1	0	0	0	1	1	1	1	1	1	1	0	1	1	1	1	1	1	0	1	1	1	1	0	1	1	1	0	1	1	1	0	1	1	0	1	0	1	1	1	1	1	1	1	0	1	1	1	1	1	0	1	1	1	1	1	1	1	1	1	1	1	1	1	1	0	1	1	1	0	1	1	0	1	0	1	1	1	1	1	1	1	0	1	1	1	1	1	1	1	1	1	0	1	1	1	1	1	1	0	1	0	0	1	1	1	1	1	0	1	1	1	1	1	0	1	1	1	1	0	1	1	1	1	1	1	1	1	1	1	0	0	1	1	1	1	1	1	1	1	1	1	1	1	1	1	1	1	1	0	1	1	1	1	1	0	0	1	1	1	1	1	0	1	1	1	1	1	1	0	1	1	1	0	1	1	1	1	0	1	1	1	0	1	1	1	1	1	1	1	0	1	0	0	1	1	0	0	1	1	0	0	0	1	0	1	0	1	1	1	1	1	1	1	1	1	0	1	1	0	0	1	1	1	0	1	1	0	1	1	0	1	1	0	0	1	1	0	1	0	1	1	1	0	0	1	1	1	1	1	1	1	1	1	1	1	1	1	1	0	1	0	1	1	1	1	0	1	1	1	0	1	1	1	1	0	1	0	1	1	1	1	1	0	1	1	1	1	1	1	1	1	1	0	1	1	1	1	1	1	1	1	1	1	1	1	1	1	1	1	1	1	1	0	1	1	1	0	1	1	1	1	1	1	1	1	1	1	1	0	1	1	1	1	0	0	1	0	1	1	1	1	0	1	1	0	1	0	1	1	1	1	1	1	1	1	1	1	1	0	1	1	1	1	1	1	1	0	1	1	1	1	0	1	1	1	1	0	1	1	1	1	1	0	1	1	1	1	1	0	1	0	1	1	1	0	1	1	1	1	1	1	1	1	1	0	1	1	0	1	1	0	1	1	1	1	1	1	0	1	1	1	1	1	1	1	1	1	0	1	0	1	0	1	0	0	1	1	0	1	1	1	1	1	1	1	0	0	0	1	0	1	1	1	0	1	1	1	1	1	1	1	1	1	1	1	1	1	1	0	0	1	1	0	0	0	0	1	1	1	1	1	1	1	0	0	0	1	1	0	0	1	1	1	0	1	1	1	1	1	1	1	1	1	0	1	0	1	0	1	1	1	0	1	1	1	1	1	0	1	1	0	1	1	1	1	1	1	1	1	0	0	1	1	1	0	1	1	0	1	1	1	1	1	1	1	1	1	0	1	0	1	1	0	0	1	1	0	1	1	1	1	1	1	0	0	1	1	0	0	1	1	1	0	1	1	1	1	1	0	1	1	1	0	1	1	1	1	1	1	1	0	1	1	0	0	1	1	0	1	1	1	0	1	1	1	0	1	1	1	0	1	1	1	1	1	1	1	0	1	1	1	1	1	0	0	0	0	1	1	1	1	0	1	1	1	0	0	1	1	1	1	1	1	1	1	1	1	0	1	1	1	1	1	1	1	1	1	0	1	1	1	0	1	0	1	0	0	1	1	1	1	1	1	1	0	1	1	1	1	1	1	1	1	1	1	1	1	1	1	1	1	1	1	1	0	1	1	1	1	1	1	0	1	1	0	0	1	1	0	0	0	1	1	1	1	1	0	1	1	1	1	1	0	0	1	1	0	0	1	1	1	0	1	1	1	1	1	1	1	1	1	0	1	1	1	1	1	1	1	0	1	1	1	1	0	1	0	1	0	0	1	1	1	0	1	0	1	1	0	1	1	1	1	1	1	1	1	1	1	1	1	1	1	0	1	1	1	0	1	1	1	1	0	1	1	1	1	0	0	1	1	0	1	0	1	1	0	0	1	0	1	0	1	0	1	1	0	1	1	1	1	1	0	1	1	1	1	1	1	1	1	1	0	1	1	1	1	1	0	1	1	1	1	0	0	1	0	1	1	0	0	1	0	1	0	0	0	1	1	1	1	1	0	1	1	1	1	1	0	1	1	1	0	0	1	0	1	0	1	0	0	0	1	1	1	1	1	1	0	1	1	1	1	0	1	1	1	0	0	1	1	0	1	1	0	1	1	0	1	1	0	0	0	1	1	0	0	1	1	1	0	1	1	1	1	1	1	1	1	1	1	1	1	1	1	1	1	0	1	0	0	0	1	1	1	0	1	1	1	1	0	1	1	1	1	1	0	1	0	1	1	0	1	0	1	0	0	1	0	1	1	0	0	1	0	1	1	1	0	1	1	0	1	1	1	0	1	1	1	0	1	1	1	1	1	1	1	1	1	1	0	1	1	1	0	1	1	1	0	1	1	1	0	1	1	1	0	1	1	0	1	0	0	0	0	1	1	0	1	1	1	1	1	1	1	1	1	1	1	1	1	1	1	1	1	1	1	1	1	0	1	0	1	1	1	1	1	1	1	0	1	0	1	1	1	1	1	1	1	0	1	1	1	0	1	1	1	1	1	1	1	1	0	1	1	1	1	1	1	0	1	1	1	1	1	1	1	1	1	1	1	0	1	1	1	1	0	1	1	1	0	1	0	1	1	1	0	1	1	0	0	1	1	1	0	1	1	0	0	0	1	1	1	1	1	0	1	1	1	1	1	1	1	0	1	1	1	1	1	1	0	0	0	1	1	0	1	1	1	0	1	1	0	0	1	0	0	1	1	1	0	1	1	1	1	1	1	1	1	0	0	1	1	1	0	1	1	1	1	1	1	1	1	1	0	1	1	1	1	1	1	1	1	1	1	1	1	1	0	1	1	1	0	0	1	1	1	1	1	1	1	1	1	1	1	1	1	1	0	1	1	1	1	1	1	0	1	0	1	1	1	1	1	1	1	0	1	0	1	1	1	1	1	1	1	1	0	0	1	0	1	1	1	1	0	1	1	1	1	0	0	1	0	0	1	1	1	1	1	1	1	1	1	0	1	1	1	1	1	1	1	0	1	1	1	1	1	0	1	1	1	0	0	1	1	1	1	1	1	0	1	1	1	1	1	1	1	1	1	1	0	1	1	1	1	0	1	0	1	0	1	1	1	0	1	1	1	0	0	0	0	1	1	0	0	1	1	1	0	1	0	0	0	1	1	1	0	1	1	0	1	1	0	1	1	1	1	1	1	1	0	1	1	0	0	1	0	0	1	1	1	1	1	1	0	1	1	1	1	1	1	1	1	1	0	0	0	1	1	1	1	1	1	1	1	1	1	1	1	1	1	1	1	0	1	1	1	1	1	1	1	1	1	1	0	0	1	1	1	1	1	1	1	1	1	1	0	1	1	1	0	1	1	1	1	1	0	1	1	1	0	1	0	1	1	1	1	0	1	1	1	0	1	1	0	1	1	1	1	1	1	1	1	1	1	1	0	1	1	1	1	1	1	0	1	1	1	0	1	1	0	0	0	0	1	1	1	1	0	1	1	1	1	1	0	1	1	1	0	1	1	1	1	0	1	1	1	1	1	1	1	1	1	1	0	1	1	1	1	1	1	1	1	1	1	1	1	1	1	0	1	1	1	1	1	1	0	0	1	1	1	1	1	0	1	1	1	1	1	1	0	0	1	1	1	1	1	1	1	1	0	0	1	1	1	0	1	1	1	1	1	1	0	0	0	0	1	0	0	0	1	1	1	1	1	0	1	1	1	0	1	0	1	1	1	1	1	1	0	1	0	0	0	1	1	1	0	1	1	1	1	0	1	1	1	0	1	1	1	1	1	1	1	1	1	1	0	1	1	0	1	1	0	1	1	1	1	1	0	1	0	1	0	0	1	1	1	1	1	1	0	1	1	0	1	1	1	1	1	1	1	1	1	1	1	1	0	1	0	1	0	1	1	1	1	1	0	1	1	1	1	1	1	1	1	1	1	1	1	1	1	1	0	1	0	1	0	0	0	1	0	0	0	1	1	1	1	1	1	1	1	1	1	1	1	0	0	0	0	1	1	1	1	1	1	1	1	1	0	1	0	1	0	0	1	0	0	1	0	0	1	1	0	1	1	1	1	1	1	0	1	0	1	1	1	1	1	1	1	0	0	1	1	0	0	0	0	1	1	1	1	1	1	1	1	1	1	0	0	0	1	1	1	0	1	1	1	0	1	1	1	1	1	1	1	1	1	0	1	0	0	1	1	1	1	1	1	0	1	1	0	0	1	1	1	1	1	1	1	1	1	1	1	1	1	1	1	1	1	1	1	1	1	1	1	1	1	1	1	1	0	1	1	1	0	1	1	1	1	1	0	1	1	1	1	0	0	1	1	1	1	0	1	1	0	1	0	1	1	1	0	1	1	1	1	1	0	0	0	0	0	1	1	0	1	1	1	1	1	1	1	1	1	1	1	1	0	1	1	0	1	1	1	1	0	1	1	1	1	1	1	0	0	1	1	0	1	1	1	1	0	1	1	1	1	1	0	1	1	0	0	1	1	1	1	0	1	1	1	0	1	0	1	1	0	1	0	1	1	1	1	0	0	0	1	1	1	1	0	1	1	1	1	1	1	1	1	1	1	1	1	0	1	0	1	1	1	1	1	1	1	0	1	1	1	1	1	1	1	1	1	1	1	1	0	1	1	0	1	1	1	0	1	0	1	1	0	1	1	1	0	1	1	1	0	0	1	1	0	1	1	1	1	1	1	1	0	1	1	1	1	0	0	1	1	0	0	1	0	1	1	1	0	0	1	0	1	1	1	1	1	1	1	1	1	1	0	1	1	1	1	1	1	1	0	1	0	1	0	0	1	1	0	1	1	1	1	0	1	1	0	0	1	0	0	1	0	1	1	1	1	0	1	1	1	1	1	1	1	0	1	1	1	1	1	1	1	0	1	1	1	1	1	1	1	1	0	0	1	0	0	0	0	0	1	1	0	0	1	1	1	0	1	1	1	1	0	1	1	1	1	0	1	1	1	1	1	0	1	1	1	1	1	0	1	1	1	0	1	0	1	1	1	1	1	1	1	0	1	1	1	1	1	0	0	1	0	1	1	1	1	1	0	1	1	0	1	1	1	1	1	1	1	1	1	1	1	1	0	1	1	0	1	1	1	0	1	1	1	0	1	0	1	1	1	0	0	1	1	1	1	0	1	1	1	1	1	1	1	1	1	1	1	1	0	1	1	1	1	1	1	1	1	1	1	0	1	1	1	0	1	1	1	1	1	0	0	0	1	0	0	1	1	1	1	1	1	1	1	1	1	1	1	1	1	1	1	0	0	1	1	1	1	1	1	0	1	1	1	1	1	0	1	1	1	1	0	1	1	1	1	1	1	0	1	1	1	1	1	1	1	0	1	0	1	1	1	0	1	1	1	1	1	1	1	1	0	0	1	1	1	1	1	1	1	0	1	1	1	0	1	1	1	1	1	1	0	1	1	1	0	1	1	1	1	1	1	1	1	1	1	1	1	0	0	1	1	1	0	1	1	1	1	1	1	0	1	1	1	1	1	0	0	1	1	1	1	1	1	1	0	0	0	1	1	1	1	0	1	0	1	1	1	1	0	1	1	1	1	1	1	1	1	1	1	1	0	0	1	0	1	1	1	0	1	0	1	1	1	1	1	0	0	1	1	1	1	1	1	0	0	1	0	1	1	0	1	1	0	1	1	1	1	1	1	0	1	1	1	1	1	1	1	1	1	1	1	1	1	1	1	1	1	1	1	1	1	1	1	0	1	0	0	1	0	1	0	1	0	1	0	0	0	0	1	1	1	0	1	1	1	0	1	1	1	1	1	1	0	1	1	0	1	1	1	1	1	1	1	1	1	1	1	0	0	0	1	0	1	1	1	1	1	0	1	1	1	0	1	0	1	1	1	1	1	1	0	1	1	0	1	0	1	1	1	1	1	1	1	1	1	1	0	1	1	0	1	1	1	1	1	1	1	1	1	0	1	1	1	0	1	1	1	0	1	1	1	0	0	0	1	1	1	1	1	0	1	1	0	1	0	1	1	1	1	1	0	1	1	1	1	0	1	0	1	1	1	1	1	1	1	1	1	1	1	1	1	1	0	1	1	1	1	1	1	1	1	1	0	1	1	1	0	1	0	0	1	0	1	0	1	1	1	1	0	1	0	1	1	0	1	0	1	1	0	0	0	0	0	1	1	1	0	0	0	1	1	1	0	1	1	1	0	1	0	0	0	1	1	1	1	0	1	0	1	1	1	1	1	1	1	1	1	0	0	1	1	1	1	0	1	1	1	1	1	1	1	1	1	0	1	1	0	0	1	1	1	0	1	1	0	0	1	1	1	1	1	1	1	1	1	1	1	1	0	0	1	1	1	1	1	1	1	1	0	0	1	1	1	0	1	1	1	1	1	1	1	1	1	1	1	1	1	0	1	1	1	0	0	1	1	0	1	1	1	1	1	0	1	1	1	0	1	1	1	1	1	1	1	0	1	1	1	1	1	1	1	1	1	0	1	1	1	1	0	0	1	1	0	1	0	1	1	1	1	1	1	1	0	0	0	0	1	1	1	0	1	1	1	1	1	1	1	1	1	0	1	1	1	1	1	1	0	1	0	1	1	1	0	0	1	1	1	1	1	1	1	1	1	1	1	0	0	1	1	1	1	1	1	0	1	1	1	1	1	1	1	1	0	0	1	1	1	1	1	1	1	1	1	0	0	1	0	0	0	0	1	0	1	1	1	1	1	1	1	1	1	1	1	1	0	1	1	1	0	0	0	0	0	1	1	0	1	1	1	0	1	1	1	1	1	0	1	1	1	1	0	1	1	0	1	0	1	1	1	1	1	1	1	1	1	1	1	1	1	0	0	1	1	1	0	1	1	1	0	1	1	1	0	1	1	1	1	1	1	1	1	1	1	1	1	1	0	1	1	0	0	1	1	1	1	0	0	1	1	0	0	0	1	1	1	1	1	0	1	1	1	0	1	0	1	1	0	1	0	1	0	1	1	1	1	0	1	1	1	1	1	1	0	1	1	0	1	1	0	1	1	1	1	1	1	1	0	1	1	1	0	1	1	1	0	1	1	1	1	0	1	1	0	0	1	1	1	1	1	1	1	1	1	0	1	0	1	1	1	0	1	0	1	1	1	0	1	1	1	1	0	1	0	1	1	1	0	1	1	1	0	1	1	0	1	1	1	1	1	1	1	1	0	0	1	1	1	1	0	1	1	1	1	1	0	1	1	1	1	1	1	1	1	1	1	1	1	0	1	1	1	1	1	1	0	1	1	1	1	0	0	1	1	1	1	1	1	0	0	1	1	1	1	1	0	0	1	1	1	1	1	1	1	1	1	1	1	0	1	0	1	1	0	0	1	1	0	1	0	1	1	1	1	1	1	0	1	1	0	1	1	1	1	1	1	0	1	1	1	0	1	1	0	0	0	1	1	1	1	0	1	1	0	1	0	1	0	1	1	0	1	1	1	1	1	1	1	1	1	1	1	0	1	1	1	1	1	0	1	1	1	1	1	0	1	1	1	1	1	1	1	1	0	1	1	1	1	0	0	1	1	1	1	0	0	1	1	1	1	1	1	1	0	1	1	0	0	0	1	1	1	1	1	0	1	0	1	1	1	1	1	0	1	1	1	1	1	1	0	0	1	0	1	1	1	1	1	0	1	1	1	0	1	0	1	1	1	1	1	1	1	0	1	0	0	0	1	0	0	1	1	1	1	1	0	1	1	0	1	1	1	1	1	1	1	1	1	1	1	1	1	1	1	1	1	1	1	1	0	1	0	1	0	1	1	1	0	1	1	1	1	1	1	1	1	1	1	1	0	1	1	0	1	1	1	0	1	1	0	1	1	1	0	1	0	1	1	1	1	1	1	1	1	1	1	1	1	1	1	1	1	1	1	1	0	1	0	0	1	1	1	0	1	1	1	1	1	0	0	1	0	1	1	0	0	1	1	0	1	1	0	1	1	1	1	1	1	1	1	1	1	0	1	0	1	1	1	1	1	1	1	1	1	1	0	0	1	1	1	0	1	1	1	1	1	1	1	1	0	0	1	1	1	0	1	1	1	1	1	0	1	0	1	1	1	1	1	1	0	1	0	1	1	0	1	1	1	1	0	0	1	1	1	1	1	1	1	1	0	0	1	1	1	1	1	1	0	1	1	1	1	1	1	0	0	0	1	1	1	1	0	1	1	1	1	1	1	0	1	1	1	0	1	1	1	1	1	1	1	1	1	0	1	1	1	0	1	1	1	1	1	1	1	1	1	0	1	0	0	1	0	1	1	0	1	1	1	1	1	0	0	1	1	1	1	1	1	1	1	1	1	1	1	1	1	1	1	1	0	1	1	1	1	1	1	0	1	1	1	1	1	1	0	1	0	1	1	1	1	1	1	1	1	1	1	0	1	0	1	0	1	0	1	1	0	1	1	1	1	1	0	1	1	0	1	1	1	1	1	1	0	1	1	1	1	1	1	1	1	1	1	0	1	1	1	0	0	1	0	1	1	1	1	1	1	1	1	1	1	1	1	1	1	1	1	0	0	0	0	0	1	1	1	1	1	1	1	1	1	1	1	1	0	1	1	1	1	0	0	0	1	1	0	1	1	1	1	1	1	1	1	1	1	0	1	0	0	1	0	1	1	1	1	1	1	1	1	1	1	1	1	1	1	0	1	1	0	1	1	0	1	1	1	1	0	1	1	1	0	0	1	1	1	0	1	1	0	0	1	1	1	0	1	1	0	1	0	1	0	1	0	0	1	1	1	1	1	0	1	1	1	1	1	0	1	1	0	1	1	1	1	0	0	1	1	1	0	1	1	1	1	0	1	1	1	1	1	1	1	0	1	1	1	1	1	0	1	1	0	1	1	1	1	1	1	1	1	1	0	1	1	1	1	0	1	1	1	1	1	1	1	1	1	1	1	1	1	1	1	0	1	0	1	1	1	1	1	1	1	0	1	1	1	0	0	1	0	1	1	1	1	1	1	1	1	1	1	0	0	1	0	1	1	0	0	1	1	1	0	1	0	1	1	1	0	1	1	1	0	1	0	0	1	0	1	0	0	0	0	0	1	0	0	1	1	1	1	1	0	1	0	1	1	1	1	1	1	1	1	0	1	1	1	1	1	0	1	1	1	0	1	1	1	1	1	0	1	1	1	0	1	0	1	1	0	1	1	1	1	1	1	1	1	1	1	0	1	1	1	0	1	1	1	1	1	1	1	0	1	0	0	1	1	0	1	1	1	1	1	0	1	1	1	1	0	0	1	0	1	0	1	1	0	1	1	1	1	0	1	0	1	1	1	0	1	1	0	1	1	0	1	1	1	1	1	1	1	1	1	0	0	0	0	1	0	1	0	1	1	1	1	1	1	1	1	1	1	0	0	1	0	1	0	1	0	0	1	1	1	1	1	1	1	0	0	1	1	1	0	0	1	1	1	1	1	1	1	1	1	1	0	1	0	1	0	0	1	1	0	1	1	0	0	0	1	1	1	1	1	1	1	1	1	1	1	1	1	1	0	1	1	0	1	1	1	0	1	0	1	0	1	1	1	1	0	1	0	0	1	0	1	1	1	1	0	1	0	0	1	1	1	0	0	1	1	1	1	1	1	1	0	1	1	0	1	1	1	0	0	0	1	0	1	1	1	1	0	1	0	1	0	1	1	1	0	1	1	0	1	0	0	1	1	1	0	1	1	1	1	0	1	0	1	1	1	1	1	1	1	1	1	0	1	1	1	0	0	1	1	1	1	1	1	1	1	1	1	1	1	0	1	1	1	1	0	1	1	1	1	1	1	1	0	1	1	1	1	1	0	1	1	1	1	0	1	1	1	0	1	1	1	1	1	1	0	0	1	1	1	1	1	1	0	1	1	1	1	1	1	1	1	1	1	1	0	1	1	0	1	1	1	1	1	1	1	1	0	1	1	1	0	0	0	1	1	1	0	1	1	1	1	0	1	1	1	1	1	1	1	1	1	0	1	1	1	0	0	1	1	1	1	1	1	1	1	1	1	1	1	1	1	0	1	1	0	1	0	1	1	1	0	1	1	1	1	1	1	1	0	1	0	1	1	1	1	0	1	1	0	1	0	0	1	1	0	1	1	1	0	0	1	1	0	1	1	1	0	0	1	0	1	0	1	1	1	0	1	1	1	1	0	1	0	1	0	0	1	1	1	0	1	1	0	1	1	1	1	1	1	1	1	1	1	1	1	1	0	1	1	0	0	1	1	1	1	1	1	1	1	1	1	1	1	1	1	1	1	1	1	1	1	1	1	1	0	1	1	0	1	1	1	0	1	1	0	1	1	0	0	1	1	1	1	1	0	1	1	1	1	0	1	0	0	1	0	1	1	1	1	0	1	1	1	1	0	1	1	0	1	1	0	1	0	0	1	1	1	1	1	1	1	0	0	1	0	1	0	1	1	1	1	1	1	1	1	1	1	1	0	1	1	1	1	0	1	1	1	0	1	1	0	1	0	1	1	1	1	1	1	1	1	1	0	1	1	0	1	1	1	1	1	0	1	1	1	1	1	1	1	1	1	1	1	1	0	0	1	1	1	0	1	0	1	1	1	1	1	1	0	1	0	1	0	1	1	1	1	1	0	0	1	1	1	1	1	1	0	1	1	0	1	1	1	0	0	1	1	0	1	0	1	1	1	0	1	0	1	1	1	0	1	1	1	0	1	0	1	1	1	1	1	1	1	0	0	0	1	0	1	1	1	0	1	1	1	0	1	1	0	0	1	1	1	1	1	1	0	0	1	1	1	0	1	1	1	0	1	1	1	1	0	1	1	1	0	1	1	1	0	1	1	0	1	1	1	1	1	1	1	1	1	1	1	1	1	0	1	0	1	1	1	1	1	1	0	1	1	1	1	1	0	1	1	1	1	0	1	1	1	1	1	1	1	1	1	1	1	1	0	1	1	0	1	1	0	1	1	1	1	0	1	1	1	0	1	1	1	1	1	1	1	1	1	1	1	0	1	1	0	0	1	1	1	0	0	1	1	1	1	1	1	0	0	1	1	1	1	1	1	1	0	1	1	1	1	1	1	0	0	1	1	1	1	0	1	1	1	1	1	1	1	1	1	0	1	1	1	1	1	1	1	1	1	1	0	1	1	1	1	1	0	1	1	1	1	1	1	1	1	1	1	0	1	0	1	1	0	1	1	0	0	1	1	1	1	1	1	1	0	1	1	1	1	1	1	1	1	1	1	0	1	0	0	1	1	1	1	1	1	1	0	1	0	1	1	1	1	1	1	0	1	1	1	1	1	0	1	1	1	1	0	0	0	1	0	1	1	0	1	1	1	1	1	1	1	0	0	1	1	1	0	1	1	1	1	1	1	1	0	1	1	1	1	1	0	1	1	1	0	1	1	1	1	1	1	1	1	1	0	0	1	0	0	0	1	0	1	1	1	1	1	1	1	1	1	1	0	1	0	1	1	1	1	1	1	1	1	0	1	0	1	1	1	1	1	0	1	1	1	1	1	1	1	1	1	0	1	1	1	0	1	1	1	0	1	1	1	1	1	1	1	1	1	1	1	1	1	1	0	0	1	1	1	1	1	1	1	1	1	1	1	1	1	1	1	0	1	0	1	1	1	1	0	1	1	1	1	1	0	1	1	1	0	1	1	0	0	1	1	1	1	1	1	1	1	1	1	1	0	1	1	0	1	0	1	1	1	0	1	1	0	1	0	0	0	1	1	1	1	0	1	1	0	1	1	1	1	1	1	0	1	1	1	1	0	1	1	0	1	1	1	1	1	1	1	1	1	0	1	1	1	1	0	1	1	1	1	0	1	1	1	1	1	0	1	1	1	1	1	0	0	1	1	1	1	0	1	1	1	1	1	1	1	1	1	1	0	1	1	1	1	0	0	1	1	0	1	1	1	0	1	1	1	1	1	1	1	1	1	1	1	1	1	0	1	0	1	1	1	1	1	1	0	1	1	1	0	1	1	0	1	0	1	1	1	1	1	1	1	1	1	0	1	1	1	0	1	0	1	1	0	1	1	1	0	1	1	1	1	1	1	0	1	1	1	1	1	0	1	1	1	0	1	0	1	1	1	1	1	0	1	1	0	1	1	1	1	1	1	1	1	0	1	1	1	0	0	0	1	1	1	1	1	1	1	1	0	1	1	0	1	1	1	1	1	1	1	0	1	0	1	0	1	0	1	1	1	1	1	1	0	0	1	0	1	0	1	1	1	1	1	1	1	1	0	1	1	1	1	1	1	1	1	1	1	1	1	1	1	1	0	1	1	1	0	1	1	0	1	1	1	1	1	1	1	1	1	1	1	1	1	0	1	1	1	1	0	1	1	1	1	1	0	1	0	1	1	0	0	0	0	0	1	1	1	1	0	1	1	0	0	0	0	0	0	1	1	1	1	1	1	1	1	1	0	1	0	1	0	1	1	1	1	1	1	1	1	1	1	1	1	1	1	1	1	0	1	0	1	1	1	1	1	1	1	0	1	1	1	1	1	1	1	1	1	1	1	1	1	1	1	1	0	1	1	1	1	1	1	1	1	1	1	1	1	1	1	0	1	1	0	0	0	1	1	1	0	1	1	0	0	1	1	1	1	1	0	0	0	1	1	1	1	0	1	1	1	0	1	1	1	1	0	0	0	1	0	1	1	1	1	1	1	1	1	1	1	0	1	0	1	1	1	0	0	1	1	0	1	1	1	0	1	1	1	1	1	1	1	1	0	1	0	1	1	1	1	1	1	1	0	1	1	1	1	1	1	1	0	1	0	0	1	1	1	0	1	1	0	0	1	1	1	1	1	1	1	1	1	0	0	1	0	1	1	1	1	1	1	1	1	1	1	1	1	1	1	1	0	1	0	1	1	1	0	1	0	0	0	0	1	1	1	1	1	1	0	1	1	1	1	1	1	1	1	1	1	1	1	0	1	1	1	1	0	1	1	0	0	1	1	1	1	1	1	1	1	1	0	1	1	1	1	0	1	1	0	1	0	1	1	0	1	1	1	1	1	1	1	1	1	1	0	1	1	0	1	1	1	0	1	1	1	1	1	0	1	0	1	1	1	1	1	1	1	0	0	1	1	1	1	1	1	1	0	0	1	1	1	1	1	1	1	1	1	1	1	1	0	0	0	1	1	0	0	1	1	1	1	1	0	1	1	1	0	1	1	0	1	1	1	1	1	0	0	0	0	0	1	1	1	1	1	1	0	1	0	0	1	1	1	0	0	0	0	1	1	1	1	0	0	1	1	0	1	0	1	1	0	1	1	1	1	1	1	1	0	1	1	0	1	1	1	1	1	1	0	1	1	1	0	1	1	1	1	1	1	0	0	1	1	0	1	1	0	1	1	1	1	1	0	1	1	1	1	1	0	0	1	1	1	1	0	1	1	1	1	1	1	1	0	1	0	1	1	1	0	0	1	1	1	1	0	1	0	1	0	1	0	1	0	1	1	0	1	1	1	1	1	1	1	0	1	0	0	0	1	0	1	0	1	1	0	1	1	1	1	1	1	1	0	1	1	0	0	1	0	0	1	1	1	1	1	0	0	1	0	1	0	1	0	0	0	0	1	1	1	1	0	1	1	1	1	1	0	1	0	1	1	0	1	1	1	1	1	1	1	0	1	1	0	1	1	1	0	0	1	1	1	1	1	1	1	0	1	1	1	1	1	0	1	1	0	1	1	1	1	0	1	0	1	0	1	0	0	1	0	1	1	1	1	1	0	0	1	1	0	1	1	1	1	1	1	1	1	0	1	0	1	0	1	1	1	1	1	1	1	1	0	1	0	0	0	1	0	1	0	0	1	1	0	1	0	1	1	1	1	1	1	1	0	1	1	1	1	1	0	1	1	0	0	0	1	1	1	1	1	0	1	1	0	0	0	0	1	1	1	1	1	1	1	1	1	1	1	1	1	1	1	1	1	1	1	1	0	0	0	1	1	1	1	1	0	1	0	1	1	1	1	1	0	1	1	1	1	1	1	1	1	1	0	1	1	1	1	1	1	1	0	1	0	1	1	1	1	1	1	1	1	1	1	0	1	1	0	1	1	1	1	0	1	1	0	1	1	1	1	0	0	1	1	1	1	0	1	0	1	1	1	1	0	0	1	1	0	1	1	1	1	1	0	0	1	0	1	0	1	1	1	1	1	1	0	1	1	0	1	1	1	1	1	0	0	1	1	1	1	0	1	0	1	1	1	1	0	1	1	0	1	1	1	1	1	1	1	1	1	1	1	1	1	1	1	1	1	1	1	1	1	1	1	1	0	1	0	1	1	1	1	1	1	0	1	1	0	1	1	1	1	1	1	0	0	0	1	1	1	1	1	1	0	1	0	1	1	1	1	1	1	0	0	0	0	0	1	1	1	0	0	0	1	1	0	1	1	0	1	0	1	0	1	1	1	1	1	1	1	1	1	1	1	1	1	1	1	1	0	0	1	1	1	1	0	1	1	1	1	1	1	1	1	1	1	1	0	1	0	1	1	1	0	0	1	0	1	0	1	1	0	1	1	1	0	1	1	0	1	0	1	1	1	0	1	1	1	0	0	0	1	1	1	1	0	1	1	1	1	1	1	1	1	1	0	1	0	0	1	0	1	1	0	1	1	1	1	1	0	0	1	1	1	1	0	1	1	1	1	0	0	1	1	1	1	1	1	1	1	0	1	1	0	0	1	0	1	1	1	1	1	1	1	1	1	0	1	1	1	0	1	1	0	1	0	1	0	1	1	1	1	1	0	1	0	1	1	1	1	1	1	1	1	1	0	0	1	1	1	1	1	1	1	1	1	1	0	0	1	1	0	1	0	1	1	1	1	1	1	1	0	1	1	1	1	1	1	1	1	0	1	1	1	1	1	1	0	1	1	1	1	1	1	1	0	1	1	1	1	0	1	0	1	0	1	1	1	0	1	1	1	0	1	1	1	1	1	1	0	1	1	1	1	0	1	1	1	1	1	0	1	1	1	0	0	1	1	0	1	0	1	1	1	1	1	1	0	1	1	1	1	1	0	1	1	0	0	1	1	0	1	1	1	1	1	1	1	1	1	0	1	1	1	1	1	1	1	1	1	0	1	1	1	0	1	1	1	1	1	1	0	1	0	1	1	1	0	1	0	0	1	1	1	1	1	1	0	0	1	1	1	1	0	1	1	0	1	1	1	1	1	1	0	0	1	1	0	0	1	1	1	1	1	1	0	1	1	0	1	1	0	0	1	1	1	1	1	0	1	1	0	1	0	1	1	1	1	0	1	1	0	1	1	1	1	1	1	1	1	1	1	1	1	1	0	1	1	0	0	0	1	1	1	1	0	1	1	0	1	0	1	1	1	1	1	1	0	1	0	1	1	1	1	1	0	1	1	0	1	0	1	1	1	1	0	1	0	1	1	0	1	1	1	0	1	1	0	1	1	1	0	1	1	1	0	1	1	1	1	1	1	1	0	1	0	1	1	0	1	1	1	1	1	1	1	1	1	1	1	1	1	0	0	1	1	1	0	0	0	1	1	1	1	0	1	1	1	0	1	1	1	1	1	0	1	1	1	1	1	1	1	1	0	1	1	1	1	0	0	1	1	1	1	0	1	0	1	1	1	1	0	0	1	1	1	0	1	0	0	1	0	1	1	1	1	1	1	1	0	0	0	1	1	1	0	0	1	1	0	1	1	1	1	1	1	1	1	1	1	1	0	1	1	0	1	0	1	1	0	0	0	1	0	1	1	1	0	1	1	1	1	1	1	1	1	0	1	0	1	1	1	1	1	0	1	1	1	1	1	1	1	0	1	1	1	0	0	0	1	0	0	1	1	1	0	1	0	1	0	0	1	0	1	1	1	1	1	1	1	1	1	1	0	1	0	1	1	1	1	1	1	1	0	0	1	1	1	0	1	1	0	1	0	0	1	1	1	1	1	1	1	0	1	0	1	1	1	1	0	0	1	1	1	1	1	0	1	1	1	1	1	1	1	1	0	0	0	1	1	0	0	1	1	0	1	1	1	1	1	1	1	1	1	1	1	0	1	1	0	1	0	1	0	1	1	1	1	1	1	1	1	1	0	0	1	1	0	1	1	1	1	1	0	1	0	1	1	1	0	1	1	1	0	1	0	1	1	1	1	1	1	1	1	0	1	1	1	1	1	1	0	1	1	1	1	1	1	0	1	1	1	1	1	1	1	1	1	1	1	0	1	1	1	0	1	1	1	0	1	0	1	0	1	1	1	0	1	1	1	1	1	1	1	1	1	0	0	1	1	1	0	0	1	1	1	1	1	0	1	1	0	1	1	1	0	1	1	1	1	1	1	0	1	1	0	1	1	0	1	1	1	1	1	1	1	1	0	1	1	1	1	1	1	0	1	1	0	1	1	1	1	0	0	1	1	1	1	1	0	1	1	0	0	1	1	1	1	0	1	1	1	1	1	0	1	1	1	0	1	0	1	1	1	1	1	1	1	1	0	0	1	0	1	0	1	1	1	0	1	1	1	1	1	0	0	1	0	0	1	1	0	1	0	1	0	1	1	1	1	0	1	1	1	1	1	1	1	1	1	1	1	1	1	0	1	1	1	1	1	0	0	1	1	1	1	1	0	1	0	1	1	1	0	1	1	1	1	0	1	0	1	1	1	0	1	1	1	1	1	0	1	0	1	0	1	1	0	0	0	1	1	1	1	0	1	1	1	1	1	1	1	0	1	1	1	1	1	1	1	1	0	1	0	0	1	1	1	1	1	1	1	1	1	1	1	1	1	0	1	1	1	1	1	0	1	0	1	1	1	1	0	1	1	1	1	0	1	1	1	1	0	1	0	0	1	1	1	1	1	1	1	1	1	1	1	1	1	1	1	1	1	1	0	0	1	1	0	1	1	1	1	0	1	1	1	0	0	1	0	1	1	1	1	1	1	0	1	1	1	1	1	0	1	1	0	1	1	1	1	0	0	1	1	1	1	1	1	1	1	1	0	1	1	1	1	1	1	1	1	1	1	1	1	1	1	1	1	0	1	1	1	1	1	1	1	0	1	1	0	1	1	1	1	0	1	0	1	1	1	1	1	1	1	1	0	1	1	1	1	0	1	1	1	1	1	1	1	0	0	1	0	1	0	1	1	0	1	1	1	1	0	1	1	0	1	1	1	0	0	0	0	1	0	0	1	0	1	0	0	1	1	1	0	1	1	0	1	1	1	1	0	1	0	0	0	1	1	1	1	1	1	1	1	1	1	1	0	1	1	1	1	1	0	1	1	1	1	1	0	1	0	1	0	0	0	1	1	1	1	1	1	1	1	1	0	0	1	1	1	0	0	1	0	1	1	1	0	0	0	1	1	0	1	1	1	1	1	1	1	1	1	1	0	1	0	1	1	1	1	0	1	1	1	1	1	1	1	0	1	0	1	1	1	1	1	0	1	1	1	1	1	1	1	1	1	1	1	0	1	0	1	0	0	1	1	1	1	1	0	1	1	1	1	1	1	1	0	1	1	1	0	1	1	1	1	1	1	1	1	0	1	1	1	1	0	1	1	0	1	1	0	1	1	1	1	1	1	1	1	1	1	0	1	1	1	1	1	1	1	0	1	1	1	1	1	0	1	1	1	1	1	1	0	1	0	1	1	1	1	1	1	1	0	1	1	1	0	1	1	1	1	1	1	1	1	1	0	0	1	0	1	1	1	1	1	1	0	1	1	1	0	1	0	0	0	0	1	0	1	1	0	1	0	1	1	1	1	1	1	1	0	0	1	1	1	1	0	0	1	1	1	1	1	1	0	1	1	0	1	0	1	1	1	1	1	1	1	1	0	1	0	0	0	1	1	1	1	0	1	1	1	1	1	1	1	1	0	1	1	0	1	1	0	1	1	1	0	1	1	1	1	1	1	1	1	1	1	0	0	0	1	1	0	1	1	1	0	0	1	1	0	1	1	0	1	0	1	1	1	1	1	1	1	1	0	1	1	1	0	1	1	0	1	1	1	1	0	1	1	1	1	1	1	0	1	1	1	0	1	0	1	1	1	1	1	1	1	1	1	0	1	1	0	1	1	1	1	1	1	1	1	1	1	1	1	1	1	1	1	0	1	1	1	1	0	1	1	0	1	1	0	0	1	0	1	1	1	1	0	1	0	1	0	1	0	1	1	0	1	1	1	0	1	1	1	1	1	1	1	1	1	1	0	0	1	1	1	1	1	1	1	1	1	1	0	1	1	1	1	1	1	0	0	1	1	0	1	0	1	1	1	0	1	1	1	1	1	0	1	1	1	0	1	1	1	1	1	1	1	0	0	1	1	1	1	1	0	1	1	1	1	1	1	1	1	1	0	1	1	1	1	0	1	1	1	0	1	1	0	0	1	1	1	1	0	1	0	1	1	1	1	1	0	0	1	0	1	1	1	1	1	0	1	0	1	0	1	1	0	0	1	1	1	0	0	1	1	0	0	1	1	1	1	1	0	0	1	1	1	1	1	1	1	1	0	1	1	1	1	0	1	1	0	1	0	1	1	1	1	0	1	1	0	0	1	1	1	1	0	1	0	0	1	1	1	1	1	1	0	1	1	1	1	1	1	1	1	0	1	0	1	1	1	1	0	1	1	1	0	1	1	1	1	1	1	1	1	1	1	1	1	1	0	1	0	0	0	1	1	1	1	1	0	1	0	1	1	0	1	1	1	1	0	0	1	0	1	1	1	0	1	0	1	0	0	1	1	0	0	1	1	1	1	0	0	0	0	1	1	1	1	1	1	0	1	1	1	1	1	1	1	1	1	1	1	1	1	0	0	1	1	1	1	0	1	1	0	0	0	1	0	1	1	1	1	1	1	1	1	1	1	1	1	0	0	1	1	1	0	1	1	0	0	0	1	1	0	1	1	0	1	1	1	1	1	1	0	1	1	1	1	1	1	0	0	1	1	1	0	0	1	1	1	0	1	0	1	1	1	0	1	1	0	1	1	0	1	1	1	1	1	1	1	1	0	0	1	1	1	1	1	1	1	1	1	1	0	1	0	1	1	1	1	1	1	1	1	0	0	1	1	0	1	0	1	0	1	0	1	0	0	1	1	1	1	0	1	1	1	1	0	1	1	1	1	1	1	0	1	1	1	1	1	1	1	1	1	0	1	0	1	1	1	1	1	1	1	1	1	1	1	1	1	1	1	0	1	1	1	0	1	1	1	1	0	1	1	0	1	1	0	1	1	1	1	1	1	0	1	1	1	1	1	1	1	1	0	1	1	1	0	1	1	1	1	0	0	1	1	0	0	1	0	1	1	1	1	0	1	0	1	1	1	0	1	1	0	1	1	1	1	0	1	1	1	1	1	0	1	1	1	1	1	1	1	1	1	0	1	1	1	1	1	1	1	0	1	1	1	1	1	0	1	1	0	0	1	1	1	0	1	0	1	1	1	0	1	1	1	1	0	1	1	0	1	1	0	1	1	1	0	0	0	1	1	1	1	1	1	1	1	0	1	1	1	1	1	1	1	1	1	1	1	1	1	1	0	1	0	1	0	1	1	1	1	0	1	1	1	1	1	1	1	1	0	1	1	1	1	1	1	1	0	1	1	1	0	0	0	1	1	1	1	1	1	1	0	1	1	0	1	1	1	1	1	0	0	1	0	1	0	1	1	0	1	1	1	1	0	1	1	0	1	0	0	1	0	1	0	1	0	1	1	1	1	1	0	1	1	0	1	1	0	1	1	1	1	0	1	1	0	0	1	1	0	0	1	1	1	1	1	1	1	1	1	1	1	1	1	1	1	1	1	1	1	1	0	1	1	1	1	1	1	1	1	0	1	1	1	1	1	1	1	1	0	1	1	0	0	1	1	0	1	1	1	0	1	0	1	1	1	1	0	1	1	0	1	1	1	0	1	1	1	0	0	1	1	0	1	1	1	1	1	1	0	1	0	1	0	1	1	1	1	1	1	0	1	0	1	1	1	0	1	1	0	1	1	1	1	1	1	1	1	1	0	1	1	0	1	1	1	1	1	1	1	1	1	1	1	1	1	1	0	1	1	1	1	1	1	1	1	1	1	1	1	1	1	1	1	1	0	1	1	1	1	1	0	1	0	0	1	1	1	1	1	1	1	1	1	1	1	0	1	1	1	1	1	1	1	1	0	0	1	1	1	1	0	1	1	1	0	1	1	1	1	1	1	1	1	1	0	1	1	0	1	1	1	0	1	0	1	1	0	1	0	1	1	1	1	1	1	0	0	1	1	1	1	0	0	1	0	1	1	1	1	1	0	1	1	1	0	1	1	1	1	1	0	1	0	1	0	1	1	0	0	0	1	1	1	0	1	0	0	0	0	1	1	1	1	1	1	1	0	0	0	1	1	0	0	1	1	1	1	1	1	1	1	1	1	1	1	1	1	1	1	1	1	0	0	0	0	0	0	1	0	1	1	1	0	1	1	1	0	1	0	1	1	1	1	0	1	1	0	1	1	1	0	1	1	1	1	1	1	1	1	1	1	1	1	1	1	1	1	1	0	1	1	1	1	1	1	1	1	1	1	1	1	0	1	1	1	1	0	1	1	1	0	0	1	1	1	1	1	1	1	1	1	1	1	1	1	0	1	1	1	1	1	1	1	1	1	1	1	1	0	1	1	1	0	1	0	1	1	1	1	0	0	0	1	0	1	1	0	1	1	0	1	0	0	1	1	0	1	1	1	0	0	1	0	1	1	0	1	0	1	1	1	0	1	1	1	1	1	1	1	0	1	1	0	1	0	1	1	1	1	1	0	0	1	1	0	1	1	1	0	1	1	0	1	1	1	0	1	1	0	1	1	1	1	0	1	1	1	0	1	0	1	1	0	1	0	1	0	1	1	0	0	1	1	0	0	1	0	1	0	1	0	1	1	1	1	1	1	0	1	0	0	1	1	1	0	1	1	1	0	0	1	1	1	0	1	1	1	1	1	1	0	0	1	1	1	0	1	0	1	0	0	1	1	1	1	1	0	1	0	1	1	1	0	1	1	0	1	1	1	1	1	0	1	0	0	0	1	1	1	0	1	1	1	0	1	1	0	1	1	0	1	1	1	1	1	1	1	1	1	1	1	1	0	1	0	1	0	1	1	1	1	1	1	1	0	1	0	0	0	1	0	1	0	1	0	1	1	1	0	1	1	0	1	0	1	1	1	1	1	0	0	1	1	1	1	1	1	1	1	1	1	1	1	1	1	1	1	0	0	1	1	1	1	1	1	0	0	1	1	1	1	1	1	1	1	1	1	1	1	1	0	1	1	1	1	1	1	1	1	0	1	0	1	0	1	0	1	1	1	1	1	1	0	1	1	1	1	1	1	1	1	1	1	0	0	0	1	0	0	1	1	1	1	1	1	1	1	1	1	1	1	1	0	1	1	0	0	1	1	0	1	0	1	1	1	1	1	0	1	0	1	1	1	0	1	1	1	1	1	1	1	1	1	1	1	1	1	1	1	1	1	0	1	0	0	1	1	1	1	1	1	1	1	1	1	1	0	1	1	0	1	0	1	1	0	1	0	1	1	1	1	1	1	1	1	1	1	1	0	0	0	0	1	1	1	1	1	0	1	1	1	1	1	1	1	0	1	1	1	1	1	1	1	1	0	1	0	0	1	1	1	1	1	1	1	0	1	1	1	1	1	1	1	1	1	1	1	1	1	1	1	0	1	1	1	1	1	0	1	0	1	0	1	1	1	0	1	0	1	1	1	1	1	0	1	0	1	1	1	1	1	1	1	1	0	1	1	1	1	1	1	1	0	0	1	1	1	1	1	0	0	1	1	0	1	1	1	1	1	1	1	1	0	1	1	1	1	1	1	1	1	1	0	1	1	0	0	1	1	1	1	1	1	1	1	1	1	1	1	0	1	1	1	1	1	1	1	1	1	1	0	0	1	1	1	1	0	1	0	0	1	1	1	1	1	1	0	1	1	0	0	0	1	0	1	1	1	1	1	1	1	1	1	1	1	1	1	1	1	1	1	1	1	1	1	1	0	1	1	0	1	1	1	1	1	1	1	0	1	1	1	0	1	1	0	1	1	1	1	1	1	1	1	1	1	1	1	1	1	0	1	0	1	1	1	1	1	0	1	1	1	1	1	1	0	0	1	1	1	1	1	0	1	1	1	0	1	1	0	1	1	1	1	1	0	0	0	1	1	1	1	1	1	1	1	1	1	1	1	1	1	1	1	1	0	1	1	1	1	1	1	1	1	0	0	1	1	1	1	1	1	1	1	0	1	0	1	0	1	0	1	1	0	1	1	0	