InstanceID	Endpoint Predictions	True Endpoint	1	0
0	0	0	28.88126210169612	238.0005357820965
1	0	0	29.07076598289761	238.9866687032731
2	0	0	29.07076598289761	237.86649171212267
3	0	0	29.422560821208943	238.62000765585972
4	0	0	29.422560821208943	238.62000765585972
5	0	0	29.52265606753547	238.62000765585972
6	0	0	29.285881051601752	238.62000765585972
7	0	0	29.531219799986463	238.12000765585972
8	0	0	29.531219799986463	239.12000765585972
9	0	0	29.531219799986463	239.45144704979913
10	0	0	29.531219799986463	239.17793457379145
11	0	0	29.531219799986463	239.17793457379145
12	0	0	29.531219799986463	239.17793457379145
13	0	0	29.531219799986463	239.17793457379145
14	0	0	29.531219799986463	238.63063727649416
15	0	0	29.531219799986463	238.3893667798562
16	0	0	29.531219799986463	238.3893667798562
17	0	0	29.675234436682754	237.8893667798562
18	0	0	29.675234436682754	237.8893667798562
19	0	0	29.420576051589585	237.8893667798562
20	0	0	29.420576051589585	237.8893667798562
21	0	0	29.420576051589585	237.8893667798562
22	0	0	29.85618867322347	237.8893667798562
23	0	0	29.85618867322347	237.8893667798562
24	0	0	30.135478817951245	239.88936677985623
25	0	0	30.32326034948278	239.88936677985623
26	0	0	30.32326034948278	239.88936677985623
27	0	0	30.32326034948278	239.88936677985623
28	0	0	30.32326034948278	240.11265471386736
29	0	0	30.32326034948278	240.11265471386736
30	0	0	30.32326034948278	240.11265471386736
31	0	0	30.32326034948278	240.11265471386736
32	0	0	30.32326034948278	240.11265471386736
33	0	0	30.32326034948278	240.11265471386736
34	0	0	30.32326034948278	240.11265471386736
35	0	0	30.32326034948278	240.11265471386736
36	0	0	30.47899954308975	240.11265471386736
37	0	0	30.688763252407625	240.11265471386736
38	0	0	30.965068106131035	240.11265471386736
39	0	0	30.965068106131035	240.11265471386736
40	0	0	30.965068106131035	240.11265471386736
41	0	0	30.965068106131035	240.11265471386736
42	0	0	31.219726491224204	240.42769944638516
43	0	0	31.219726491224204	240.42769944638516
44	0	0	31.219726491224204	240.42769944638516
45	0	0	31.219726491224204	240.60131055749628
46	0	0	31.219726491224204	240.84258105413426
47	0	0	31.219726491224204	241.38987835143155
48	0	0	31.219726491224204	241.61223932379252
49	0	0	31.494449804326667	241.61223932379252
50	0	0	31.494449804326667	241.61223932379252
51	0	0	31.494449804326667	241.61223932379252
52	0	0	31.77562543497874	241.61223932379252
53	0	0	31.77562543497874	240.03667158690914
54	0	0	32.01497334161082	240.03667158690914
55	0	0	32.01497334161082	240.03667158690914
56	0	0	32.278645216610826	240.03667158690914
57	0	0	32.278645216610826	240.26306260273353
58	0	0	32.278645216610826	240.26306260273353
59	0	0	32.278645216610826	234.26306260273356
60	0	0	32.42216027760162	234.26306260273356
61	0	0	32.42216027760162	234.7507704733905
62	0	0	32.42216027760162	229.2507704733905
63	0	0	32.42216027760162	229.4781765766769
64	0	0	32.42216027760162	229.4781765766769
65	0	0	33.01493529353533	231.94377418229232
66	0	0	33.23657394899752	232.21377850755184
67	0	0	33.23657394899752	232.42439009118894
68	0	0	33.23657394899752	232.71273903732475
69	0	0	33.81623548336421	232.71273903732475
70	0	0	33.81623548336421	231.34195655347693
71	0	0	33.81623548336421	229.05930013196215
72	0	0	34.10942998316493	229.49352878209987
73	0	0	34.10942998316493	234.36008978876978
74	0	0	34.10942998316493	232.1148778298229
75	0	0	34.10942998316493	233.58205394316215
76	0	0	34.10942998316493	233.30235633161863
77	0	0	34.39188096355708	232.87353071989335
78	0	0	34.64876852870973	233.13799065020694
79	0	0	34.64876852870973	233.35178955639122
80	0	0	34.64876852870973	234.16690789186706
81	0	0	35.141016211351484	233.40405074900988
82	0	0	36.407170814579	233.56581545489223
83	0	0	37.20561127964701	234.26558779410684
84	0	0	37.20561127964701	228.78403351129916
85	0	0	37.20561127964701	231.39282458577216
86	0	0	37.20561127964701	231.39282458577216
87	0	0	37.73442550117466	206.31503972579668
88	0	0	38.01292190265297	197.087766998524
89	0	0	38.01292190265297	184.80808290386295
90	0	0	38.594172793178345	183.5528838745297
91	0	0	38.272070431713	185.01583955371444
92	0	0	38.2569892460706	207.33006880272632
93	0	0	38.2569892460706	232.4078536627018
94	0	0	38.2569892460706	230.33682602562982
95	0	0	37.95543527714999	236.40242231252736
96	0	0	37.18951196809286	234.0263718923593
97	0	0	36.46463880282563	234.78922903521647
98	0	0	36.46463880282563	234.4836444537698
99	0	0	36.46463880282563	234.26984554758556
100	0	0	36.18218782243348	234.6986711593108
101	0	0	36.18218782243348	234.6986711593108
102	0	0	36.46463880282563	235.55548307554733
103	0	0	36.46463880282563	235.55548307554733
104	0	0	36.46463880282563	235.76928198173155
105	0	0	36.46463880282563	236.0748665631782
106	0	0	36.76493342595355	236.31200942032106
107	0	0	37.18951196809286	236.3167255502724
108	0	0	37.45854878100259	236.47849025615474
109	0	0	38.78386319159965	237.17826259536932
110	0	0	38.78386319159965	236.4128939692572
111	0	0	39.06235959307796	199.28960615173145
112	0	0	39.855747548735444	184.75530686464774
113	0	0	41.6823113612626	182.20559362696676
114	0	0	44.479408280898014	182.63415159749366
115	0	0	45.77050924543597	181.14177370505183
116	0	0	46.693686592236034	180.16838961474568
117	0	0	49.574971947546736	178.44287896932914
118	0	0	52.1639125569697	174.82527669473475
119	0	0	53.950671173897334	169.4516600504587
120	0	0	55.93492444801565	168.4729853607403
121	0	1	57.18653917523996	163.93729562951964
122	0	0	60.81756560561383	157.8736028586725
123	0	0	64.4965507441664	153.34135690384346
124	0	0	66.47446650939378	150.04422318516083
125	0	0	69.65826844590084	148.18168521592935
126	0	0	74.24016592822322	144.43281405421217
127	0	0	79.2919531145575	139.00413695395076
128	0	0	84.31812358188135	133.01982214572917
129	0	0	87.96491732456707	128.80728613069712
130	0	1	88.82701458555191	122.7454189270451
131	0	0	89.36125695368797	123.42734719905255
132	0	0	88.99431660111613	123.66005596611247
133	0	0	89.38530055495762	124.83651963025044
134	0	0	89.65616040504955	125.3266804876685
135	0	0	89.40697609019034	126.42190475202817
136	0	0	89.04237863830637	128.8313366677371
137	0	0	88.49810201865266	130.1479005354533
138	0	1	88.64585009201103	130.4028987060218
139	0	0	88.55221321830243	131.21199884017472
140	0	0	88.18780096842794	132.0172998219027
141	0	0	84.47426077660376	133.4848876021052
142	0	0	83.05872489997031	138.47208776354114
143	0	0	80.58435968439404	142.35055739031202
144	0	0	79.9747239095929	143.56076654795487
145	0	0	76.07672121739415	144.210262122979
146	0	1	73.6057466468088	148.09065976378426
147	0	0	73.6057466468088	150.27200941908214
148	0	0	71.46590432681711	152.66511284631665
149	0	0	70.30434190088192	154.8452434969775
150	0	0	70.84849173734506	156.18728786780787
151	0	0	75.51600004200084	146.41872429343786
152	0	0	86.55788947867326	138.33471958775164
153	0	0	94.68474618165187	123.780460567666
154	0	0	102.90385406139937	112.36045965340242
155	1	1	111.49818433300003	104.09828770523816
156	1	0	122.02152967354169	93.52864768726504
157	1	0	129.67559315809783	85.46902362102766
158	1	0	141.67130446105853	78.96138399927787
159	1	0	148.9724318020227	76.65072210118018
160	1	1	156.6851133362409	72.86896088676895
161	1	0	158.0428110892587	72.86896088676895
162	1	0	158.44004748399325	72.66964655495931
163	1	0	159.44730041794324	72.34547025128212
164	1	0	159.162946765815	72.63327441941662
165	1	1	160.25203095937118	72.63327441941662
166	1	0	160.81326258988204	72.86164044409044
167	1	0	162.41332554877116	73.08159931827113
168	1	0	163.25525269619916	73.08159931827113
169	1	0	163.7599395533508	73.32139523663848
170	1	1	166.00323260841017	73.30767960697872
171	1	0	164.19190287777346	73.41068419826787
172	1	0	164.09195108262864	73.41068419826787
173	1	0	163.68424759425656	73.41068419826787
174	1	0	164.439357648624	73.41068419826787
175	1	1	164.7222142742576	73.41068419826787
176	1	0	164.19704411686203	73.56225024480136
177	1	0	164.00854617326186	73.87448996958861
178	1	0	163.87955795370974	74.5378841733058
179	1	1	163.07108352519148	74.73719850511542
180	1	0	162.26852091598934	75.12217572068496
181	1	0	158.84243522672784	77.52517026970975
182	1	0	154.36703460387585	78.86299983039784
183	1	1	151.44860021169424	80.55600336239652
184	1	0	144.92671877665583	84.0978145935829
185	1	0	140.28122323903426	86.8732814948033
186	1	0	135.76559434872556	92.6242963007708
187	1	0	133.7294208687888	95.87493147700783
188	1	1	126.7941005510064	100.6027383228412
189	1	0	122.1801562325703	105.19023314201837
190	1	0	116.9903696126477	107.71330139606872
191	1	0	123.10803203721437	102.57310137695194
192	1	0	127.95469322845474	98.13714505849605
193	1	0	136.14739314500534	92.47883465995987
194	1	1	142.1151000351106	86.27944704000312
195	1	0	150.70610233083573	81.30666617139698
196	1	0	155.46338862304307	79.71830182080912
197	1	0	160.64574343622346	77.62496804146927
198	1	0	164.94054911972353	74.2335024488653
199	1	1	170.3526734278303	70.80587301562875
200	1	0	173.77685975180682	68.14659990603172
201	1	0	173.60921431185432	69.59105180870891
202	1	0	169.3075158303079	72.4553444570432
203	1	0	166.90226031152966	73.7481247194593
204	1	1	164.93827483793527	75.32843781606289
205	1	0	162.42133164053251	77.21920280647782
206	1	0	161.01505974596768	77.2881855274119
207	1	0	157.20370564410587	78.21192904825845
208	1	0	155.91630347953114	78.84918273779793
209	1	1	151.1566764095368	82.01053850498649
210	1	0	145.92646920955585	82.59288118975576
211	1	0	139.71471856001634	89.34098972505437
212	1	0	131.5688153386754	96.24212854544002
213	1	0	125.76871823038194	101.73910356999909
214	1	0	119.93451604864582	107.57054401759976
215	0	1	114.68967521558463	117.49348388068726
216	0	0	111.75976435344134	124.44234186922515
217	0	0	104.84526195496838	136.27640927273043
218	0	0	94.18111582678455	140.61934333019835
219	0	0	90.197435137724	149.21827353105164
220	0	0	85.904058659983	156.43930505871717
221	0	0	91.31682452212422	150.28593041781346
222	0	0	93.02487464435737	146.7811043914386
223	0	0	96.90944394598617	143.6203090322532
224	0	0	101.49134142830857	139.2583884197279
225	0	1	107.62297072235438	135.1756590916356
226	0	0	111.35133869652768	127.29436004694335
227	0	0	115.24498245082435	118.05386979834445
228	1	0	116.3916810223819	114.8792747511136
229	1	0	120.70752724225699	108.17264931257351
230	1	0	123.10218196635913	101.91546814374244
231	1	0	132.79206985661307	92.18281297753505
232	1	1	143.6512694727677	82.89922492880972
233	1	0	152.32716280672238	74.18620794808824
234	1	0	162.6329874743186	67.17952949356128
235	1	0	168.37509339428848	63.40113929820565
236	1	0	176.7737843089513	57.84712710080124
237	1	1	186.56489111532758	53.54195939694055
238	1	0	199.94670524671062	48.498786253948374
239	1	0	221.83515804602834	46.002126988227666
240	1	0	214.25399913494462	42.92146177119488
241	1	1	209.51267573303753	41.82309257565732
242	1	0	203.6275778250761	41.60929366947305
243	1	0	201.876837427385	40.13080043452562
244	1	0	199.95682814120283	40.13080043452562
245	1	1	200.01193531355835	39.13706110612494
246	1	0	199.05920424259557	38.816776351169175
247	1	0	190.79592953652158	38.395116473811065
248	1	0	189.93567913887122	37.38476105153599
249	1	1	188.102895456283	36.57483876087287
250	1	0	186.6959482680132	35.26848861044916
251	1	0	188.102895456283	35.798636661775966
252	1	0	189.43559846443287	36.338309141689656
253	1	1	190.60454655285804	36.80428561116172
254	1	0	198.86782125893208	36.141534434311694
255	1	0	199.8205523298948	36.461819189267466
256	1	0	199.00351639064152	36.461819189267466
257	1	1	200.7018870213615	36.461819189267466
258	1	0	202.20427758406908	36.68821020509186
259	1	0	208.08937549203057	36.39247535724699
260	1	0	213.13749583531404	37.233021235143994
261	1	1	205.87392360386778	41.58157806059721
262	1	0	186.46668002722834	48.82733090406558
263	1	0	168.57717199459935	57.116986618121544
264	1	0	158.5700163060909	62.087075416970954
265	1	1	141.26201803086084	76.02719463322879
266	1	0	122.96198770030531	89.98856702118496
267	1	0	113.20705094293699	108.51491270899861
268	0	0	94.14557598910356	128.14819517762746
269	0	0	83.7486698300252	151.0023457823635
270	0	0	73.56700039126767	165.10987995015194
271	0	0	86.08576020161235	144.9159524154463
272	0	0	102.40007384608943	126.32439748963475
273	1	1	116.00660626048052	101.25937573507146
274	1	0	133.35182215003087	81.79000254671486
275	1	0	153.30684107317205	66.0942480593666
276	1	0	167.74096509804764	57.90374809492295
277	1	0	186.0631015246637	48.28266343175311
278	1	1	210.56151048296044	40.82322020620595
279	1	0	202.9662063509669	37.501438053193134
280	1	0	189.69636289955497	36.48602977289947
281	1	0	203.226970786089	37.501438053193134
282	1	1	210.56151048296044	41.63644805430721
283	1	0	186.58568238492938	49.095891279854364
284	1	0	168.5028938649454	57.62652037215068
285	1	0	154.06876984006988	66.7043794229575
286	1	1	133.7385352687238	82.03896065906908
287	1	0	118.23126612168686	100.059550791614
288	0	0	103.11852470687774	127.13160811114608
289	0	0	87.48754603069602	144.05825218577036
290	0	0	74.85483618406064	164.40780260728178
291	0	0	77.33057128309811	164.67684658233406
292	0	0	78.641479626092	163.2464164617587
293	0	0	79.657861166603	163.98290812336742
294	0	0	80.55031892033588	164.04718571242196
295	0	0	81.06903542517472	164.46379279859764
296	0	0	82.67064505113233	166.12577349711046
297	0	0	83.97509748882858	165.51407634330369
298	0	0	83.97509748882858	161.7105940949455
299	0	0	85.19396051601571	166.02860718316384
300	0	0	84.9053836147555	166.81762551218515
301	0	0	83.66965565986847	176.64827998595015
302	0	0	82.8050362357175	176.9763336989367
303	0	0	82.16490554896764	180.41687541870908
304	0	0	77.8547325652761	181.62646313368603
305	0	0	76.14512583745427	184.08477607942845
306	0	0	75.4398760258969	185.2350412458603
307	0	0	74.19913963731123	191.33113915253344
308	0	0	74.11914345675612	188.8966235654638
309	0	0	71.07167284504298	188.9792727003312
310	0	0	69.2528258403087	193.08184166118087
311	0	0	70.13725352604423	188.9453559740134
312	0	0	72.63027399831601	188.34850553259216
313	0	0	74.09032795496607	187.17084125260837
314	0	0	75.73421907376242	190.74470685270563
315	0	0	77.21272605293228	185.538885669472
316	0	0	78.11305322079431	185.67153243724124
317	0	0	78.62551111382379	183.8229601028438
318	0	0	81.20019748436293	173.72742356254616
319	0	0	81.79760602656033	170.35811764097622
320	0	0	80.90489345306868	168.88651032606072
321	0	0	76.37936600939058	173.00727531275322
322	0	0	73.98295446267466	176.94201677822915
323	0	0	70.01805284336605	175.5397000896299
324	0	0	68.01512719072483	197.5895553031564
325	0	0	66.22277674747986	225.95405460642436
326	0	0	65.75525444493309	224.87619325157672
327	0	0	64.62163397564362	222.49278660827554
328	0	0	62.575994735470886	231.62153637768213
329	0	0	61.21725637627759	229.49206048422892
330	0	0	59.16340654443752	226.90583304923638
331	0	0	60.36742598274597	227.6301709578976
332	0	0	61.11954457172691	230.18542885887945
333	0	0	63.41431659886625	231.7171663511632
334	0	0	65.2748070778865	233.22220460466977
335	0	0	65.16975991527333	240.36247776799544
336	0	0	65.1828895885958	240.1510926275066
337	0	0	65.06016923265096	241.16278095014408
338	0	0	64.21503886727797	243.52520630211114
339	0	0	64.46013057577763	246.13623876306977
340	0	0	64.42891780671495	244.97355339220104
341	0	0	64.81130461326384	236.5130356085143
342	0	0	65.68416064743126	243.3948240635905
343	0	0	67.22716015103018	244.58334885866648
344	0	0	69.52179292478716	238.48219323293065
345	0	0	70.60420667842394	195.49803779025663
346	0	0	72.13645993065032	190.70030617171966
347	0	0	75.7686294424942	194.76325026437902
348	0	0	77.08286216336299	191.88030326559885
349	0	0	81.83156201294298	186.2359345493714
350	0	0	83.57585255565145	177.73082844913043
351	0	0	86.39344604636771	177.69758670304438
352	0	0	87.06251079456915	176.47427263710767
353	0	0	87.39996855644551	172.84806143792014
354	0	0	88.31412552179346	173.10046744932973
355	0	0	89.12620674490107	164.65877572258879
356	0	0	92.18382406034866	161.27386510985158
357	0	0	93.11841225700991	158.75314419577933
358	0	0	93.11841225700991	156.04702644351832
359	0	0	94.47606942403048	154.2903192162809
360	0	0	95.76546218235988	153.25863413539682
361	0	0	91.44378685390365	157.42635753612205
362	0	0	90.57797279205505	160.0498096808272
363	0	0	87.557374354195	165.17522375004776
364	0	0	84.28496487291142	174.23891652089486
365	0	0	83.58804928687383	177.8805873716132
366	0	0	81.09637791450558	180.94936717115894
367	0	0	78.34688951432497	190.10797439812828
368	0	0	76.61116716246991	190.82927319492003
369	0	0	71.09423506629183	195.79305001376292
370	0	0	69.0949210284206	196.82885382652782
371	0	0	70.78736831242341	193.5228474762725
372	0	0	73.97552042160252	192.69571157252258
373	0	0	76.53196318194739	189.35914401769705
374	0	0	77.14303526950845	189.09116198309167
375	0	0	80.33540230667275	181.79824795813744
376	0	0	81.59347927210267	180.83090826952136
377	0	0	82.18852812709643	176.9710758127154
378	0	0	83.37568468345644	174.62227361520735
379	0	0	86.47855990613913	166.4290274614504
380	0	0	89.08135462761823	164.947980243259
381	0	0	90.78940474985139	158.48213350010724
382	0	0	96.24545314660497	151.6648147567011
383	0	0	102.37267643456761	147.5774711924442
384	0	0	109.89114161266556	135.85175541784992
385	0	0	112.86782041325556	126.74957818318019
386	0	0	115.55229403832715	121.5085780745128
387	1	0	120.3942750852687	112.64788503523984
388	1	0	126.29706346029805	109.10536095212673
389	1	0	132.25993729847795	103.05712603685677
390	1	0	136.57795554835204	98.61458413383582
391	1	0	130.1464082988261	103.39843665760826
392	1	0	121.58068852988836	110.14355759256705
393	0	0	118.35496808393064	118.48632930640558
394	0	0	113.44583459765272	126.02189139371006
395	0	0	108.58618083362265	136.9354766333013
396	0	0	101.0130060733576	149.4715705418589
397	0	0	94.6440288105735	156.8891465642242
398	0	0	90.83633356167483	163.972002555342
399	0	0	83.9276416568194	175.90940994860767
400	0	0	80.7964256703043	181.22535600570708
401	0	0	79.50569573818706	188.75727193969465
402	0	0	79.22134208605884	189.67297671886445
403	0	0	78.67738227131565	188.2014965586233
404	0	0	78.67738227131565	188.3144227386773
405	0	0	78.0372515845658	189.73014246708138
406	0	0	78.19501776220086	191.7861274445735
407	0	0	76.22681734045696	192.0913487944054
408	0	0	75.31373240689015	194.88346588581388
409	0	0	75.0373348913622	194.2750456954836
410	0	0	74.3905550600901	193.4967774280109
411	0	0	74.71388647787188	193.4967774280109
412	0	0	74.71388647787188	193.4967774280109
413	0	0	75.00905099579991	193.4967774280109
414	0	0	75.33249940929022	193.4967774280109
415	0	0	75.33249940929022	193.4967774280109
416	0	0	75.33249940929022	193.4967774280109
417	0	0	76.5142298692452	193.4967774280109
418	0	0	76.5142298692452	193.8249727865145
419	0	0	76.5142298692452	193.54123862091876
420	0	0	76.5142298692452	193.7512785809587
421	0	0	85.72068209630638	179.1459311348938
422	0	0	93.25347853663011	158.8338271802031
423	0	0	105.96740084115707	145.56619840098372
424	0	0	116.7642960360911	123.9707556211028
425	1	0	128.4678156028767	108.0224114091349
426	1	0	143.0432912712371	95.67151604707156
427	1	0	156.15571720745137	85.14721104312751
428	1	0	166.95600422877334	77.05372514533636
429	1	1	177.34755881612494	71.54825331471534
430	1	0	189.81538405832694	65.04726047339179
431	1	0	189.56172464079796	64.76122965992086
432	1	0	184.12467495554196	65.85298459850874
433	1	0	183.8363846191746	66.80934915674179
434	1	1	182.80465967934504	66.19305931635716
435	1	0	180.42687771811475	66.78867966550312
436	1	0	178.26915453498165	66.62722432647867
437	1	0	177.7872247060311	67.64278253833989
438	1	0	174.7177924309666	66.7787268907279
439	1	1	173.36898924212014	68.43919576573523
440	1	0	170.53293569954008	68.63155008754474
441	1	0	167.3231901904722	69.48252944232837
442	1	0	162.62241449900822	71.73020280299139
443	1	0	155.84956630535373	76.48622248665929
444	1	1	148.26653816452256	80.72669942192599
445	1	0	143.7843055489358	86.54277539613199
446	1	0	135.58527569974174	92.16864689418672
447	1	0	132.60342118829755	96.88603797259161
448	1	0	125.03397292514197	103.54877912456143
449	1	0	118.48867516433141	109.37023050733124
450	0	0	113.29130502944344	122.84956419599456
451	1	0	125.88366606794827	105.48132564800767
452	1	0	139.85090298038332	92.15671918712478
453	1	0	156.33568959800695	78.48307368863736
454	1	0	165.5681684813222	74.26122204198369
455	1	0	177.69762117857323	65.48759606641184
456	1	0	196.332148637753	57.93909238028497
457	1	1	225.01426686123534	54.34457872122725
458	1	0	203.00941662293775	50.89086110457931
459	1	0	190.30890967761562	50.18316881833858
460	1	0	183.5645487652216	47.995379897716106
461	1	1	189.44675853056683	49.86491298007632
462	1	0	199.77660522367324	50.39610692690503
463	1	0	209.2810689762251	51.07322770894742
464	1	0	225.49186232255582	54.428498719418904
465	1	1	197.21468095287287	56.42916684352141
466	1	0	183.6536100769592	61.53187241023835
467	1	0	170.67877179572997	67.65084330256232
468	1	0	162.48602263914972	74.62019846448894
469	1	0	155.43533803999978	76.64774140532813
470	1	0	141.68987025556487	90.14483871387009
471	1	0	146.42601621363391	83.80803655853039
472	1	0	151.07151175125543	80.67069618214171
473	1	1	156.45067156043476	75.51198762190879
474	1	1	160.10108259571052	74.42278891095845
475	1	0	162.40731319966483	73.19928156675601
476	1	0	164.13583966515972	70.78154573315474
477	1	0	167.3544387728996	67.91691405912809
478	1	0	173.42431397574296	64.81725523693426
479	1	1	172.9496864431919	64.98989046467159
480	1	0	178.55007280563126	63.04077639551954
481	1	0	171.7219610045853	66.42420147933856
482	1	0	162.93443293202418	73.37227966524657
483	1	0	156.0484263977497	77.47615346085581
484	1	0	151.52994733970405	79.71327522439367
485	1	0	141.01286761218557	87.36859109443782
486	1	0	132.7807637147117	94.94842071943789
487	1	0	123.5167030237099	103.18659508777802
488	1	0	113.80716694881572	110.38789254624584
489	0	0	108.12185757174618	123.58501266241426
490	0	0	104.09244986243515	133.32017535700572
491	0	0	96.10172169358162	148.1988905583934
492	0	0	89.05208215807731	153.95396575919227
493	0	0	85.66593657965717	161.21046500641964
494	0	0	80.1520768502574	173.1253567307477
495	0	0	76.75697481425968	177.82877863808778
496	0	0	74.72163696447817	187.4626046442481
497	0	0	70.19652560285233	195.21769863144632
498	0	0	66.2635316132347	196.7754876719115
499	0	0	65.1916472560989	249.53056512008675
500	0	0	62.81174142410912	250.9217573038087
501	0	0	62.81174142410912	250.9217573038087
502	0	0	62.81174142410912	242.83506190191738
503	0	0	62.5185469243084	242.40083325177963
504	0	0	62.5185469243084	244.18348967329442
505	0	0	62.5185469243084	244.68348967329442
506	0	0	61.9388853899417	244.33293308702355
507	0	0	61.9388853899417	244.04458414088774
508	0	0	61.9388853899417	243.5639682319911
509	0	0	61.5828853899417	241.3801473917516
510	0	0	61.80084577538067	241.1527412884652
511	0	0	61.80084577538067	241.3801473917516
512	0	0	61.80084577538067	241.66388155734734
513	0	0	60.67995079749768	244.12947916296272
514	0	0	60.67995079749768	244.39948348822224
515	0	0	59.211276276868695	245.1554825069474
516	0	0	59.7200290433426	245.78541615787142
517	0	0	60.00817919054574	246.06601661976518
518	0	0	60.00817919054574	246.06601661976518
519	0	0	59.43016500614858	246.29370340923535
520	0	0	58.561229453569425	245.6458034604805
521	0	0	58.85442395337014	246.58003211061825
522	0	0	58.56397575351709	254.9465931172881
523	0	0	58.27735154969544	255.17979320144548
524	0	0	58.27735154969544	254.91376923062734
525	0	0	58.27735154969544	255.11926783267765
526	0	0	58.559802530087595	254.9639546969601
527	0	0	58.559802530087595	254.9639546969601
528	0	0	58.559802530087595	256.32004783414396
529	0	0	58.76971708148242	256.32004783414396
530	0	0	59.49459024674964	255.55719069128688
531	0	0	59.26196476412416	255.55719069128688
532	0	0	59.26196476412416	255.55719069128688
533	0	0	59.07001170461033	258.03849097980185
534	0	0	59.07001170461033	258.03849097980185
535	0	0	58.481789731055066	258.03849097980185
536	0	0	58.481789731055066	258.0851094519641
537	0	0	58.481789731055066	258.0851094519641
538	0	0	58.481789731055066	258.0851094519641
539	0	0	58.481789731055066	258.0851094519641
540	0	0	58.18777775500716	258.0851094519641
541	0	0	60.74939813545489	255.29079375127918
542	0	0	61.33476129080163	210.20135551449016
543	0	0	62.42236983281384	204.70100468938728
544	0	0	65.83460539454688	201.6720547864565
545	0	0	68.12719190368445	204.77978886834134
546	0	0	70.25781116946082	200.10235917453406
547	0	0	73.67308513341689	197.77586814494737
548	0	0	76.52100582845313	193.01643886370496
549	0	0	78.35206988217432	185.96769463866357
550	0	0	80.59946100853938	184.98440832159955
551	0	0	82.70888081525983	178.25096383010248
552	0	0	88.97243432323107	167.60551157778184
553	0	0	90.33009149025163	161.81139625069932
554	0	0	93.33853246128776	157.62042834150768
555	0	0	97.71051539221534	152.560307098735
556	0	0	103.60359720022763	145.08868924845297
557	0	0	109.88767463599969	133.99070618653892
558	0	0	112.20840513655847	125.93609235731117
559	0	0	115.21224892425944	123.21164430269855
560	1	0	119.36806234859941	114.02039642073359
561	1	0	118.55211916468096	116.26993735545913
562	0	0	116.17176531225675	120.3474352699816
563	0	0	115.35801274736711	122.82825402946992
564	0	0	113.50482451976433	122.50430620994703
565	0	0	113.95444583762317	124.88316757505247
566	0	0	113.45928892921019	130.27164411750223
567	0	0	111.74807018497201	133.49983958896635
568	0	0	109.5621214944467	136.0439156371598
569	0	0	106.25218499221896	143.28646666417265
570	0	0	105.66558478402203	146.43273557642974
571	0	0	102.97908881687476	148.86446287733196
572	0	0	101.06160182457754	148.98880831478274
573	0	0	98.65950291824231	151.37212564649477
574	0	0	96.29098891338788	151.65977133414043
575	0	0	93.30873220624757	154.15412956599855
576	0	0	92.27821439472882	156.70181030350045
577	0	0	92.27821439472882	158.11083986467023
578	0	0	89.5763194846283	159.2641688191884
579	0	0	87.91068774475546	160.74806758136373
580	0	0	86.79213267132397	165.25162962827284
581	0	0	84.06633205247478	165.41018885652022
582	0	0	80.38156327314258	176.31466574862714
583	0	0	80.05167932402901	180.70132831384888
584	0	0	76.28066743298307	191.22041717152013
585	0	0	74.72224463507884	193.86998345083455
586	0	0	71.13752801936627	195.55432034344466
587	0	0	70.10401814794572	197.77732610972382
588	0	0	66.31208879845835	199.4165946054274
589	0	0	64.68075561950943	213.94567595876597
590	0	0	63.866956605209865	252.35505025279866
591	0	0	62.84083597507257	252.8291733185946
592	0	0	62.55421177125092	252.52941578627053
593	0	0	62.271760790858764	253.2817001537685
594	0	0	62.522134482936494	254.04456361026922
595	0	0	62.522134482936494	245.31395106947642
596	0	0	62.20030704849708	243.22905507801258
597	0	0	62.42868582691378	246.49337067089738
598	0	0	62.13717443975022	247.09741194182303
599	0	0	61.773355725070324	243.5658769585749
600	0	0	61.61095607099019	248.85168156392564
601	0	0	61.46575747673696	248.85168156392564
602	0	0	61.46575747673696	249.06587695857493
603	0	0	61.46575747673696	243.5658769585749
604	0	0	61.46575747673696	244.33980254823211
605	0	0	61.46575747673696	244.33980254823211
606	0	0	61.82175747673696	246.55212504467718
607	0	0	60.959722040263316	247.36642167609133
608	0	0	60.959722040263316	247.84703758498796
609	0	0	60.959722040263316	247.92274448566923
610	0	0	61.251233427426875	248.27330107194012
611	0	0	60.68459465730474	247.92274448566923
612	0	0	60.40448602155728	248.27607223428828
613	0	0	59.75864538410708	245.56821220495885
614	0	0	59.24211645848725	245.9461129794151
615	0	0	59.18460567545479	248.06417117176952
616	0	0	59.18460567545479	252.83693531697332
617	0	0	58.79071692238627	258.62273992232406
618	0	0	57.939575843548084	258.43026563281745
619	0	0	57.436556061916	258.187295726552
620	0	0	56.89714288337121	260.126975691757
621	0	0	57.13868914792809	258.55140795487375
622	0	0	57.40236102292809	258.339496597533
623	0	0	57.40236102292809	252.56588761335738
624	0	0	57.545876083918884	252.78008300800664
625	0	0	57.545876083918884	247.28008300800667
626	0	0	56.973298034353384	247.50748911129307
627	0	0	57.329298034353386	249.97308671690845
628	0	0	57.329298034353386	251.03513015881907
629	0	0	57.615413690026465	251.38568674508994
630	0	0	56.69656867832833	251.47687920344856
631	0	0	56.69656867832833	248.69422278193375
632	0	0	56.98976317812905	249.1284514320715
633	0	0	56.98976317812905	257.9950124387414
634	0	0	56.98976317812905	258.2282125228988
635	0	0	56.98976317812905	259.46218855208065
636	0	0	56.98976317812905	258.16768715413093
637	0	0	57.27221415852121	257.7388615424057
638	0	0	57.27221415852121	257.7388615424057
639	0	0	57.27221415852121	257.95266044858994
640	0	0	57.27221415852121	258.2582450300366
641	0	0	57.27221415852121	257.95266044858994
642	0	0	57.27221415852121	257.7388615424057
643	0	0	57.27221415852121	257.7388615424057
644	0	0	55.59767938022987	258.16768715413093
645	0	0	55.59767938022987	259.46218855208065
646	0	0	55.59767938022987	258.2282125228988
647	0	0	55.59767938022987	257.9950124387414
648	0	0	55.59767938022987	249.1284514320715
649	0	0	55.30448488042916	248.69422278193375
650	0	0	55.30448488042916	251.47687920344856
651	0	0	54.138319647250775	250.77137645159107
652	0	0	52.81895494480161	250.85726060427342
653	0	0	51.432437133282875	248.80735761564895
654	0	0	51.02677481424017	253.44408207584036
655	0	0	50.113989816046626	261.1128187859361
656	0	0	49.34871799240754	260.40080720869645
657	0	0	48.5550493603495	262.6457881879825
658	0	0	46.99026431400786	260.91894746082124
659	0	0	45.677447104396336	261.58789250546664
660	0	0	43.770712624778064	262.89451999707165
661	0	0	45.835739124039165	261.2633984575008
662	0	0	47.45073675906725	261.0258460485585
663	0	0	47.22772241048496	258.59817808917455
664	0	0	46.26508532862785	257.95912126282593
665	0	0	48.10407425429864	258.59499069934816
666	0	0	49.39211086897323	256.4843703552442
667	0	0	49.452269658132586	256.60325578206067
668	0	0	49.380909448421605	256.5693390557429
669	0	0	48.82219250157846	254.85588842227818
670	0	0	49.025633681973154	253.58172957275923
671	0	0	48.5610024178131	255.9621106455423
672	0	0	47.43896663463764	255.96905281186503
673	0	0	47.43896663463764	254.726790388151
674	0	0	46.922437709017814	254.52933207637736
675	0	0	46.88125055597377	255.87479637201812
676	0	0	46.21116459385745	256.14756051722196
677	0	0	45.96079090177972	255.91919449254812
678	0	0	45.281811830995835	255.5221698608412
679	0	0	45.0022514469635	255.27919995457577
680	0	0	44.32577288959207	255.90511541165165
681	0	0	44.26216555377724	255.66508766277894
682	0	0	44.21786011698366	255.4223531845755
683	0	0	43.958880031370406	256.34011309091545
684	0	0	43.70128893825299	256.6277587785612
685	0	0	43.408717294744825	256.68246538418924
686	0	0	42.37819948322609	256.45032252704635
687	0	0	42.10094000800743	255.97659831054307
688	0	0	41.265223906521506	256.06944596419834
689	0	0	40.95835715265307	255.08411470079255
690	0	0	39.920839040267836	256.9345139548329
691	0	0	40.69010897747059	255.08411470079255
692	0	0	40.49953371707145	255.83124919295253
693	0	0	40.594223786994256	255.73840153929726
694	0	0	40.32373198371557	255.56121247953337
695	0	0	41.3542497952343	255.56121247953337
696	0	0	41.86553193178924	255.74470264515114
697	0	0	42.123123024906654	255.45705695750542
698	0	0	41.04758389706745	252.58538264088494
699	0	0	40.83112489873896	252.60448146167917
700	0	0	40.82873812571806	252.44365355578998
701	0	0	40.52129483667772	251.96089132871384
702	0	0	39.493441521392114	253.16629692269947
703	0	0	38.46292370987337	252.73754335597263
704	0	0	37.861836369650206	251.60167391945046
705	0	0	36.840307396302876	252.9846060241955
706	0	0	36.57805535429588	252.49898546278018
707	0	0	36.065562352889884	253.16839870518308
708	0	0	34.77550061965072	251.83753006149377
709	0	0	33.73898826376258	252.40635624141632
710	0	0	32.197756687069166	253.68078822479367
711	0	0	33.73898826376258	252.37295358226925
712	0	0	34.77550061965072	251.0432578371293
713	0	0	36.065562352889884	252.14412359314892
714	0	0	36.57805535429588	251.47471035074605
715	0	0	36.840307396302876	251.96033091216137
716	0	0	37.60957733350563	250.57739880741633
717	0	0	38.21066467372879	251.7132682439385
718	0	0	39.241182485247535	251.89675840955624
719	0	0	40.26903580053314	252.04083445494663
