InstanceID	Endpoint Predictions	True Endpoint	1	0
0	0	0	14.217838521152078	211.65761576003052
1	0	0	14.217838521152078	211.65761576003052
2	0	0	14.65673648333161	211.65761576003052
3	0	0	14.65673648333161	211.40967577724857
4	0	0	14.924412873724915	212.80993254998234
5	0	0	14.780168409702743	212.33063540432406
6	0	0	14.533041972921133	212.33063540432406
7	0	0	14.533041972921133	211.33063540432406
8	0	0	14.533041972921133	211.55563540432405
9	0	0	14.533041972921133	211.90224307394058
10	0	0	14.533041972921133	211.66753799849477
11	0	0	14.533041972921133	208.16753799849477
12	0	0	14.533041972921133	208.3989834517301
13	0	0	14.80986655678797	208.84898345173008
14	0	0	15.17775832716822	208.84898345173008
15	0	0	15.661845195604506	209.34898345173008
16	0	0	15.822666838891077	209.6775548803015
17	0	0	15.822666838891077	209.4694562887522
18	0	0	15.822666838891077	209.0673052658882
19	0	0	15.822666838891077	209.3339570316459
20	0	0	15.956244453814463	209.71131552221192
21	0	0	15.956244453814463	210.05746936836576
22	0	0	16.147640325467844	210.05746936836576
23	0	0	16.627167690215526	210.39536460196652
24	0	0	16.627167690215526	210.98495974270935
25	0	0	17.42182692738116	210.0724924895324
26	0	0	17.61753693735788	208.14707595395052
27	0	0	17.61753693735788	208.824784028687
28	0	0	17.80917958865471	209.49515363488007
29	0	0	18.062569989731944	209.99515363488004
30	0	0	18.352963002832382	210.26689798855617
31	0	0	18.352963002832382	210.15398258070118
32	0	0	18.5700570199264	209.42376949089905
33	0	0	18.870144585600656	213.05452446984046
34	0	0	19.126901342357414	209.05452446984046
35	0	0	20.345462339695036	210.05613616514444
36	0	0	20.64893827552391	200.55613616514444
37	0	0	21.114002019731377	177.45741289166494
38	0	0	21.114002019731377	166.6290279635721
39	0	0	21.343629994972268	166.42889247818098
40	0	0	22.74313221811336	165.68861041232756
41	0	0	23.310363519786115	192.56398032343566
42	0	0	23.722973871163376	194.40561720269892
43	0	0	24.596159675000692	197.08745651024418
44	0	0	26.126050603967442	193.1458685871665
45	0	0	26.96471716419103	192.26739114110575
46	0	0	27.821663820826352	189.84935595366426
47	0	0	28.455159428928955	190.2039192102455
48	0	0	30.29178249296612	184.55794436874913
49	0	0	31.59897152145156	188.01018269915215
50	0	0	31.928720625394213	188.24632941577613
51	0	1	33.980170586485194	187.0231819801623
52	0	0	34.97061798863343	187.36595024323722
53	0	0	34.97061798863343	186.42419756884547
54	0	0	35.304325133779216	179.48816511687895
55	0	0	35.97333942706277	176.49611607007486
56	0	0	36.22779777148651	173.07102898992324
57	0	0	36.83994244148995	169.88699761270883
58	0	0	38.18237773368346	169.41054555422326
59	0	0	38.49845702883764	168.97585416350807
60	0	0	40.30744534665342	169.21026021340873
61	0	0	40.30744534665342	163.4310799476524
62	0	0	40.30744534665342	161.46206156911373
63	0	0	41.079138243293144	160.55507654325794
64	0	0	41.349269176190035	158.49257366245212
65	0	0	41.349269176190035	158.67668132771706
66	0	0	42.6000421478038	156.42828001366652
67	0	1	42.6000421478038	153.98687115471392
68	0	1	43.21602937237199	154.68442919466872
69	0	0	43.909439593568166	153.78917333639794
70	0	0	45.62317467335467	152.89471758868683
71	0	0	46.523897932167976	152.44857557607997
72	0	0	47.720466083655765	155.1600988703435
73	0	0	48.07997410445458	155.39931108543533
74	0	0	48.07997410445458	153.24947339640443
75	0	0	48.07997410445458	152.86022562837033
76	0	0	48.868785824023156	148.69027120281254
77	0	0	48.70442256758205	144.12349573007145
78	0	0	49.05436744079043	143.81953267867436
79	0	0	49.41565776337107	138.77188337592963
80	0	0	50.82518389964374	138.41152278336392
81	0	0	51.507194721908846	135.71792755310224
82	0	0	52.192287270805075	129.90058014681094
83	0	0	55.650918688022216	129.7722497959032
84	0	0	56.762261367840836	129.0377299825967
85	0	0	57.3744443576189	126.10469304697058
86	0	0	58.81417931217217	124.86549442852504
87	0	0	59.524634574735195	124.09049733798274
88	0	0	63.4951418833771	123.14940999323589
89	0	0	65.52171103232723	120.17862586827722
90	0	1	65.6210450439557	120.34944393796191
91	0	0	65.98249212818898	120.34944393796191
92	0	0	65.98249212818898	120.8984255414302
93	0	0	66.85490539825082	120.70250403827619
94	0	0	67.57562154620669	120.23152419280053
95	0	0	67.57562154620669	120.36811140430261
96	0	0	70.40555670521664	119.94994724694466
97	0	0	71.13352309900279	119.66516150440496
98	0	0	71.85455003793965	119.02125531843559
99	0	1	71.85455003793965	118.46819239396724
100	0	0	72.4745787376451	117.36261701956069
101	0	0	73.94306553273336	117.49693800721501
102	0	0	75.4108765655972	117.64518157991004
103	0	0	78.35085140620933	117.23282917300723
104	0	0	78.35085140620933	116.02474395961909
105	0	0	78.23985203474486	115.61894607869615
106	0	0	78.50892413669229	114.80920307624967
107	0	1	78.50892413669229	114.13421249486618
108	0	1	78.3753465217689	113.73119586109118
109	0	1	79.11588104292704	112.92278972988333
110	0	0	79.11588104292704	112.37443963235542
111	0	0	80.10690941438743	112.62194223778249
112	0	0	81.3510186423084	113.03198591708036
113	0	0	80.87300482039947	111.9356144768613
114	0	0	81.72469248595236	111.5639350816421
115	0	0	82.75255650609799	108.43406720775252
116	0	0	82.87138838019686	107.41840040125707
117	0	1	83.48412952111765	106.4822329786684
118	0	0	85.36937318281649	105.07986412280296
119	0	0	85.90101780313785	103.54373307983847
120	0	0	86.84453455031779	97.4097547351943
121	0	0	87.21953455031779	97.14687152979891
122	0	0	88.73402668331137	96.1647321525481
123	1	0	89.115680137445	83.90346801827455
124	1	0	89.115680137445	82.02412957676246
125	1	0	91.27204301891754	78.33537569285572
126	1	1	92.80327418483306	77.83230835714464
127	1	1	97.01591012251173	77.83230835714464
128	1	0	100.85521231815812	78.18802516994415
129	1	1	100.85521231815812	78.281230121382
130	1	1	101.23989522357836	77.37358887135447
131	1	0	102.35061767092822	77.82828491172478
132	1	0	103.78327243713133	78.17776252104892
133	1	0	111.74128469464307	75.27302570862172
134	1	0	115.44721010104095	76.2675361396242
135	1	0	118.50473751274578	74.8318224348013
136	1	0	119.80860705303367	74.16529310174337
137	1	1	120.59935595171208	74.52681702143774
138	1	0	119.84130957134285	73.16362286423966
139	1	0	120.45214017264026	73.2708438708042
140	1	0	123.66169771506883	71.95485190436887
141	1	0	124.0484551408114	71.36909042951602
142	1	0	125.07419983669101	71.42519082143063
143	1	1	126.24726476838673	71.19113593159686
144	1	0	126.63982216162296	71.19113593159686
145	1	0	126.36323401030249	70.84755134198213
146	1	0	127.53769173385263	70.5413690315128
147	1	0	128.50356272323427	70.03174069201916
148	1	1	129.28889693875806	70.03174069201916
149	1	0	129.68020668205688	70.56228716358136
150	1	0	130.34647223952476	70.42853552206013
151	1	0	130.5565268271626	69.58143830413748
152	1	0	132.53704249207019	69.37114670894023
153	1	1	133.32835950797488	69.37114670894023
154	1	0	134.12036694237395	69.15473701731027
155	1	0	134.913439326179	69.15473701731027
156	1	0	134.6382626477338	68.60977502273249
157	1	0	134.6382626477338	67.92986958538025
158	1	1	134.84583579747562	67.70260052301191
159	1	0	134.84583579747562	67.51220601186267
160	1	0	135.24394645874415	66.76070395441354
161	1	0	135.99972494928346	66.95109846556278
162	1	0	135.79215179954164	67.05244476324415
163	1	1	136.82105034960682	66.38636651670102
164	1	0	137.61950606150995	62.31760843926385
165	1	0	137.37394393133243	62.025707030813145
166	1	0	137.77755838916377	60.610912212818185
167	1	0	138.98075544002515	59.41813230941608
168	1	1	140.34504139052603	59.09690234539907
169	1	0	143.5382257575519	57.232638719702685
170	1	0	144.33480333865762	57.080074757115796
171	1	0	144.33480333865762	57.080074757115796
172	1	0	144.73658121398685	56.60444732894819
173	1	1	145.13691343990044	56.28630705021847
174	1	0	150.767626860476	55.9635084451618
175	1	0	150.5858444414788	55.9635084451618
176	1	0	150.5858444414788	55.688449866666616
177	1	0	150.98338692275047	55.688449866666616
178	1	1	150.59742201046976	55.05343069818001
179	1	0	150.59742201046976	55.05343069818001
180	1	0	150.99936907079044	52.65629919468999
181	1	0	152.4558865534257	52.65629919468999
182	1	0	153.2587884403268	51.73707939959949
183	1	1	153.2587884403268	51.83476004188316
184	1	0	153.91796046650236	51.72753903531861
185	1	0	153.0679244839286	52.06529139639585
186	1	0	153.0679244839286	51.249692471832326
187	1	0	153.4676799851511	50.624815688274325
188	1	1	153.27715509049824	49.88295196275989
189	1	0	154.4928144311576	49.88295196275989
190	1	0	154.30409627090185	50.131984844771495
191	1	0	154.30409627090185	50.131984844771495
192	1	0	154.7110121587523	49.680096793215476
193	1	1	154.43251474942588	49.37001196757928
194	1	0	152.51747001155508	49.37001196757928
195	1	0	155.55149967462737	48.455244232
196	1	0	155.55149967462737	48.455244232
197	1	0	156.24325443161678	48.34096537085136
198	1	1	156.64813498269402	47.7367647552439
199	1	0	156.09459134232384	47.4343804192262
200	1	0	155.85093130119978	46.634761058597924
201	1	0	154.9903740762743	46.3359482732098
202	1	0	157.12843999826467	45.38090516253126
203	1	1	157.93054526142257	44.793821602496884
204	1	0	158.4489553147691	44.06203349880535
205	1	0	156.86431413544753	43.422343520434765
206	1	0	156.0503685517304	42.838284815981325
207	1	0	157.96309889107422	42.25611068574492
208	1	1	159.59659314506382	41.99463850966519
209	1	0	160.60650598294637	41.120179537902494
210	1	0	161.4365713424235	41.213528049855654
211	1	0	159.79272083817088	41.120179537902494
212	1	1	159.59659314506382	41.99463850966519
213	1	0	158.50304277130078	42.57681263990159
214	1	0	156.63394176244591	43.16087134435504
215	1	0	158.4489553147691	43.80056132272561
216	1	1	157.93054526142257	44.26896612877261
217	1	0	157.12843999826467	44.55831039106769
218	1	0	154.9903740762743	45.19192564613655
219	1	0	155.85265585845286	45.511799907376705
220	1	0	156.40619949882304	46.34715183826496
221	1	1	155.7454718285216	46.95135245387242
222	1	0	155.50599163580804	47.067724495100165
223	1	0	155.04029966087504	47.183551710413056
224	1	0	151.55713976787996	47.00692035354964
225	1	0	151.3469331173151	47.61576176771942
226	1	1	153.63354885758594	47.925846593355615
227	1	0	153.22663296973545	48.16536411202305
228	1	0	153.22663296973545	48.37773464491164
229	1	0	153.22663296973545	48.37773464491164
230	1	0	152.50921559885566	48.37773464491164
231	1	1	153.53615677925924	48.37773464491164
232	1	0	153.94307266710973	47.925846593355615
233	1	0	151.3469331173151	47.61576176771942
234	1	0	154.78356018298476	46.700994032140144
235	1	0	154.99389926338964	46.700994032140144
236	1	1	155.8801954910514	45.98251455538403
237	1	0	155.58339132857148	45.92928401078146
238	1	0	154.7345269570501	45.604433890491826
239	1	0	156.8725928790405	45.64233592939297
240	1	0	157.12843999826467	44.55831039106769
241	1	1	158.1931081955449	43.80056132272561
242	1	0	156.2107866903639	42.917374234528445
243	1	0	157.99184275754845	42.09195017659417
244	1	0	158.82865365342124	41.02721836808485
245	1	1	159.83856649130377	40.15275939632214
246	1	0	160.66863185078088	40.2461079082753
247	1	0	162.4231829813055	39.95917167188339
248	1	0	162.96660902293013	39.60154552998977
249	1	1	163.05068894777548	39.60154552998977
250	1	0	162.9138947921699	39.60154552998977
251	1	0	162.85175440987692	40.2461079082753
252	1	0	157.83205077660568	41.60939249832125
253	1	1	156.3605005066221	43.590890249487344
254	1	0	155.47531493997417	46.848187347071224
255	1	0	153.53615677925924	48.639206820991376
256	1	0	149.49970058630763	49.883461740843806
257	1	0	142.05453942110904	51.3119837557037
258	1	1	136.1358197250671	56.02097823485488
259	1	0	133.15457631129092	61.39095532987404
260	1	0	127.80521060231523	63.82754161253249
261	1	0	134.22104691450434	60.90283657006943
262	1	0	135.86546104173812	54.25101242444621
263	1	0	148.33002723291	50.78186420697496
264	1	1	152.76402590713332	48.90259011863591
265	1	0	154.5498622101979	46.03116780962618
266	1	0	156.6474694258864	44.551996557829966
267	1	0	160.0636568821122	43.77808674228825
268	1	0	162.19642769008402	43.83298724202275
269	1	1	174.9759716172938	42.639447372243296
270	1	0	179.1561014772359	41.502230801830954
271	1	0	179.56470362777353	40.885843482263674
272	1	0	179.9744315750118	39.71714912473667
273	1	1	180.23784546339553	39.01768624671664
274	1	0	175.33019817383274	37.335855555761796
275	1	0	175.33019817383274	35.665653433319235
276	1	0	175.19335472179782	35.87523613370659
277	1	1	174.14871473689797	35.87523613370659
278	1	0	174.80372674819236	35.87523613370659
279	1	0	174.4214457888189	35.435520448239295
280	1	0	174.358117657169	35.31722100276794
281	1	1	174.59513277366725	35.87523613370659
282	1	0	175.33019817383274	37.335855555761796
283	1	0	179.9744315750118	41.11575487853621
284	1	0	177.00742916356378	42.22095853802841
285	1	1	174.83729978242857	42.63359180286015
286	1	0	172.69631137644095	44.91342196021345
287	1	0	160.66875168424718	47.79319497867919
288	1	0	160.45632632087307	48.3402671584672
289	1	0	159.7377592305552	47.85739431123658
290	1	1	157.37300827154212	47.66262989012843
291	1	0	159.48295153824753	47.16342950279312
292	1	0	159.94068314866843	47.018067511842894
293	1	0	160.30251688729763	46.65973386570307
294	1	0	173.11538836620076	44.10652135793091
295	1	1	173.47339061510365	43.49637403363671
296	1	0	177.70412037668052	43.22340394816663
297	1	0	178.3772622123025	42.90222939455679
298	1	0	173.09474645800793	42.50492805728021
299	1	0	172.18624364793362	41.946912926341575
300	1	1	171.21067289319532	41.17702817859562
301	1	0	171.21067289319532	41.17702817859562
302	1	0	170.80130336604995	41.17702817859562
303	1	0	171.16381428944058	41.17702817859562
304	1	1	171.16381428944058	41.17702817859562
305	1	0	171.53944454154143	41.70392486746904
306	1	0	171.86819853515166	41.946912926341575
307	1	0	171.86819853515166	41.946912926341575
308	1	1	171.86819853515166	41.946912926341575
309	1	0	171.86819853515166	41.946912926341575
310	1	0	172.18624364793362	41.946912926341575
311	1	0	172.18624364793362	41.70084928848689
312	1	1	171.86819853515166	41.70084928848689
313	1	1	171.61438377702356	41.70084928848689
314	1	0	171.3599254325998	41.70084928848689
315	1	1	171.10661149790857	42.00882702503606
316	1	0	171.10661149790857	41.76194209178749
317	1	0	170.85475414278227	41.24035082336399
318	1	0	170.85475414278227	40.99736276449146
319	1	0	170.52600014917203	40.99736276449146
320	1	1	170.1503698970712	44.34810769799141
321	1	0	170.1503698970712	40.47046607561804
322	1	0	170.1503698970712	40.47046607561804
323	1	0	169.78785897368058	40.47046607561804
324	1	0	170.0397163288069	40.992057344041534
325	1	1	170.44908585595223	41.23894227729011
326	1	0	170.70239979064345	40.93096454074094
327	1	0	170.95685813506722	40.93096454074094
328	1	0	171.21067289319532	40.93096454074094
329	1	0	171.21067289319532	40.93096454074094
330	1	1	171.21067289319532	41.17702817859562
331	1	0	171.21067289319532	40.93096454074094
332	1	0	171.3843028683721	40.93096454074094
333	1	0	170.37198559365368	40.93096454074094
334	1	0	170.11752724922994	40.93096454074094
335	1	1	169.86421331453872	41.23894227729011
336	1	0	169.86421331453872	40.992057344041534
337	1	0	169.6123559594124	39.950410063331475
338	1	0	167.17515139921218	40.03916571499257
339	1	0	169.35063128924097	40.03916571499257
340	1	1	169.35063128924097	43.12793606393728
341	1	0	177.91932452708286	54.057064060649246
342	1	0	158.49866732772762	58.639247909439085
343	1	0	152.45292646591955	65.1513243541798
344	1	0	144.94143606941466	70.24731892817485
345	1	0	128.87148847284323	89.51205581242088
346	1	0	114.96477626983918	97.47476699293934
347	0	0	84.81314199247043	109.4137893827796
348	0	0	73.13741658181003	160.33144275136388
349	0	0	59.336776802822484	168.03921334409998
350	0	0	42.465172114304345	173.38554217682872
351	0	0	53.501394694001235	153.2806452484642
352	0	0	72.16321899439897	144.0742944647997
353	0	0	78.66359989603794	133.692293283488
354	0	0	96.34350622249019	97.26550073826303
355	1	0	113.73261273897229	91.10167845193777
356	1	0	128.38714384370462	83.0000139421988
357	1	0	138.88579463587126	68.65641496423363
358	1	0	151.42228683298887	64.90284031558525
359	1	0	155.72182449990794	59.48145284795956
360	1	0	171.46420459456658	56.47465624236756
361	1	0	154.92107961271878	63.58331684861557
362	1	0	149.38480815021674	71.89619267140766
363	1	0	131.73560753582802	77.03565768597225
364	1	0	120.32128315696667	95.01357554286211
365	0	0	98.04807952595365	101.9098951106217
366	0	0	81.59847965816326	148.24437018778727
367	0	0	72.37238694509234	166.4666471815957
368	0	0	52.57097502854268	180.9723599091175
369	0	0	38.94561438167244	200.26881860729765
370	0	0	30.79801708944436	224.856430698084
371	0	0	30.79801708944436	224.856430698084
372	0	0	30.79801708944436	224.856430698084
373	0	0	30.79801708944436	224.856430698084
374	0	0	30.79801708944436	224.856430698084
375	0	0	30.79801708944436	224.856430698084
376	0	0	30.79801708944436	224.856430698084
377	0	0	30.79801708944436	224.856430698084
378	0	0	30.79801708944436	224.856430698084
379	0	0	30.79801708944436	224.856430698084
380	0	0	30.79801708944436	224.5944561135288
381	0	0	30.79801708944436	220.60437878948062
382	0	0	30.79801708944436	220.60437878948062
383	0	0	30.143315809690822	220.60437878948062
384	0	0	29.81727776510093	220.60437878948062
385	0	0	29.490828060958915	220.60437878948062
386	0	0	29.490828060958915	220.90607106650185
387	0	0	29.490828060958915	220.90607106650185
388	0	0	28.51669970377995	227.0554538230952
389	0	0	28.51669970377995	226.7920705254507
390	0	0	28.19251494326926	226.7920705254507
391	0	0	38.44561438167244	193.39537441665834
392	0	0	52.822832383668974	168.23209991070092
393	0	0	73.29008930981657	153.3195539811183
394	0	0	85.78609959737285	95.85002972027051
395	1	0	116.31938732887524	81.44546239191415
396	1	0	130.20573054574174	73.47645963151133
397	1	0	149.3511392267368	59.50664240833282
398	1	0	153.74693436483204	50.30451458463681
399	1	0	171.67463577159666	45.26393651531278
400	1	1	173.47396960850662	42.67507932000186
401	1	0	173.34358634966898	43.11303128805657
402	1	0	173.51318328276926	42.87081777189594
403	1	0	173.73037416421414	43.04029764562502
404	1	1	174.1286331413632	42.46641817559555
405	1	1	173.87382544905552	41.984717518095486
406	1	0	178.93276891945226	41.86933569842262
407	1	0	177.45030561855242	41.86933569842262
408	1	0	176.94253333943743	42.25160305533305
409	1	0	173.72813246180542	42.002981872379635
410	1	1	171.6961969599012	45.35372680587959
411	1	0	172.10194397383137	46.6781598444595
412	1	0	163.00815104506748	49.231372352231645
413	1	0	158.92723875629903	49.58970599837147
414	1	0	158.94418036917443	49.9473321402651
415	1	0	155.5457787343972	50.40239204078358
416	1	1	151.72146779844613	52.7717355326294
417	1	0	152.45292646591955	55.312467262268896
418	1	0	151.0779111433121	57.16830334529009
419	1	0	147.3083990605108	58.42257104492169
420	1	0	148.97789226236628	59.85979413902575
421	1	0	147.9509510819627	62.22798172568531
422	1	0	147.74172047539307	68.38448057636901
423	1	0	147.74172047539307	70.17437561817111
424	1	0	147.74172047539307	70.38685825967907
425	1	0	147.34196701937475	70.35362007827688
426	1	0	147.34196701937475	70.00935858321766
427	1	0	146.53906513247364	69.61229975968824
428	1	0	144.94143606941466	69.61229975968824
429	1	0	144.94143606941466	72.12079079746903
430	1	0	144.94143606941466	72.12079079746903
431	1	0	138.29285248532176	72.7617296812554
432	1	0	133.92265575458154	74.07592914752115
433	1	0	131.33199307799669	76.71306716626854
434	1	0	130.77909949627102	86.04755879435001
435	1	0	129.91749937874349	86.80841726067338
436	1	0	128.59631179439802	88.8028721389515
437	1	0	124.30452138618892	93.19020429194052
438	1	0	122.46161186989846	92.868961794287
439	1	0	120.32128315696667	94.0283570338647
440	1	0	118.43792771331262	94.47041022366015
441	1	0	124.51457597382677	90.16480090777755
442	1	0	131.5775552081742	76.34238316718225
443	1	0	144.54389358814294	71.16653872326536
444	1	0	149.38480815021674	69.07489410203773
445	1	0	152.45292646591955	66.59837965409784
446	1	0	155.1172073058258	61.69787163157428
447	1	0	158.18258803257342	61.80179157797821
448	1	1	172.05205148589215	57.940281919778776
449	1	0	172.86038105668615	50.84546268729693
450	1	0	170.1503698970712	46.88275570285798
451	1	0	171.5550802149377	44.85991064804263
452	1	0	172.86038105668615	45.126530167137396
453	1	1	176.69067598431113	43.64272259149726
454	1	0	170.69091145788462	44.23062299417313
455	1	0	172.35380132895767	45.087655251715915
456	1	0	159.3854168393335	46.413670227848385
457	1	0	159.5075832509917	46.772003873988204
458	1	1	159.95762476154383	47.41656625227374
459	1	0	156.3630954336596	48.197676712083286
460	1	0	154.4714644880464	51.721607531318504
461	1	0	150.33250332140233	56.8277799676455
462	1	0	132.91652456501328	62.46875763278197
463	1	0	124.6015571444583	78.58964181370808
464	1	0	114.22476888990892	81.85145127686147
465	0	0	88.44741926202602	90.18482079448279
466	0	0	76.95243534817494	150.07972683700592
467	0	0	66.5096696969218	158.7654198995453
468	0	0	50.16117004227278	169.81334398794564
469	0	0	39.95905877404182	190.34148061313434
470	0	0	33.92327918427885	219.92510197588166
471	0	0	31.887395827628296	220.9930821884226
472	0	0	31.127766193387014	223.7207763381296
473	0	0	30.79801708944436	227.55223433410282
474	0	0	30.79801708944436	231.07690979529767
475	0	0	30.143315809690822	229.32700097632954
476	0	0	29.490828060958915	223.89241202604342
477	0	0	28.834744816561905	229.8287740174183
478	0	0	28.51669970377995	233.4765275544637
479	0	0	27.559019335166656	228.50148131123672
480	0	0	27.349851384473283	215.25310645104128
481	0	0	27.349851384473283	215.25310645104128
482	0	0	27.349851384473283	215.25310645104128
483	0	0	27.349851384473283	215.25310645104128
484	0	0	27.349851384473283	215.73656304893927
485	0	0	27.349851384473283	215.73656304893927
486	0	0	27.349851384473283	215.73656304893927
487	0	0	27.07135397514686	215.73656304893927
488	0	0	27.07135397514686	215.73656304893927
489	0	0	27.07135397514686	215.73656304893927
490	0	0	27.07135397514686	215.73656304893927
491	0	0	29.490828060958915	230.47599060895124
492	0	0	31.127766193387014	232.20152476085747
493	0	0	33.900282194057695	228.03867783212198
494	0	0	34.903003632487035	217.51701350404394
495	0	0	36.85758359468399	209.00935990033847
496	0	0	38.44561438167244	198.37878540787875
497	0	0	40.26719476401503	196.53413524689765
498	0	0	44.59909692353424	201.9199186052363
499	0	0	45.9914848783043	195.3606766688019
500	0	0	48.11224621036599	180.42275714126643
501	0	0	46.34142975151268	183.7952092052835
502	0	0	44.94564013969133	192.18167599530807
503	0	0	44.59909692353424	190.22272441978396
504	0	0	42.92619742012401	186.74697089484874
505	0	0	40.17432952103578	191.61218324123755
506	0	0	39.45078567148998	196.88659969579075
507	0	0	38.27152299026461	204.84602956773352
508	0	0	36.86566572615899	205.98160631681512
509	0	0	35.91644802485642	209.69963522414778
510	0	0	35.247433731572876	217.32189545661606
511	0	0	35.91644802485642	214.09525396448396
512	0	0	36.171255717164115	211.1351949562795
513	0	0	36.78340038716755	209.11632223202903
514	0	0	37.12047341846668	205.4684479480176
515	0	0	38.38667115925802	205.76556625035735
516	0	0	39.04098092059736	204.01310145573495
517	0	0	40.234120516403706	203.71659580311416
518	0	0	40.234120516403706	198.1796290535185
519	0	0	40.734120516403706	194.93647022862726
520	0	0	41.24678473461481	192.4877032457964
521	0	0	46.3876030582655	188.78459217964445
522	0	0	53.350523925242584	173.0495495489509
523	0	0	61.86232923712075	164.79550914880738
524	0	0	68.49149794015253	162.43970274031713
525	0	0	74.87799255312676	157.34478044996203
526	0	0	79.11383131138578	150.16742652262838
527	0	0	84.06259095186518	131.9270065535398
528	0	0	93.35119424494415	93.7732692263951
529	1	0	104.61123750283328	94.93303139640398
530	1	0	115.35074118211988	90.16456801899069
531	1	0	107.7866889010151	94.23044237895473
532	0	0	97.3233219908845	107.42520553290177
533	0	0	87.73880311955699	107.11634686902383
534	0	0	83.3029613176239	143.3694859869039
535	0	0	78.88272967259225	160.07598757855044
536	0	0	75.2382650434179	163.6774043110306
537	0	0	72.916424587856	161.04596606960433
538	0	0	66.88207918880879	165.1960931567563
539	0	0	61.26240584941449	170.02730123490346
540	0	0	54.75301076593053	172.24827724149347
541	0	0	49.14772564990339	179.1418064256714
542	0	0	45.9914848783043	187.11803407986346
543	0	0	43.97478927392413	188.27195577554903
544	0	0	38.94561438167244	201.35119085820517
545	0	0	36.85758359468399	213.0802932576513
546	0	0	34.903003632487035	221.9180779885823
547	0	0	32.90983479190947	232.43130189269604
548	0	0	29.490828060958915	231.85196837379286
549	0	0	27.280521925840233	228.7491317487986
550	0	0	25.109003539456534	222.3695612556326
551	0	0	25.109003539456534	229.87443639846612
552	0	0	25.109003539456534	229.6264964156842
553	0	0	25.109003539456534	229.82403195154427
554	0	0	25.109003539456534	224.08775072423697
555	0	0	25.109003539456534	225.1211895076757
556	0	0	24.806240556766785	225.85640801667313
557	0	0	24.806240556766785	226.9402680353997
558	0	0	24.806240556766785	227.59338674767332
559	0	0	24.806240556766785	226.34892652225085
560	0	0	24.59707260607341	217.75207745893084
561	0	0	24.59707260607341	228.7026683016599
562	0	0	24.806240556766785	228.7026683016599
563	0	0	24.806240556766785	229.34866410795013
564	0	0	24.806240556766785	230.3407362785352
565	0	0	24.806240556766785	229.86541764418408
566	0	0	24.806240556766785	230.36541764418408
567	0	0	24.806240556766785	229.21229893191045
568	0	0	24.806240556766785	228.12843891318383
569	0	0	24.806240556766785	229.1181605405928
570	0	0	24.806240556766785	228.38294203159543
571	0	0	25.726357935189608	227.04631796067585
572	0	0	26.959840414369246	227.10125426998778
573	0	0	27.559019335166656	224.16407020992958
574	0	0	29.490828060958915	230.44680512541188
575	0	0	30.79801708944436	234.1456243085905
576	0	0	32.080914909115556	231.463318115319
577	0	0	33.900282194057695	232.12195162772068
578	0	0	34.903003632487035	224.671681841745
579	0	0	34.903003632487035	212.75185077056605
580	0	0	36.85758359468399	208.0378890180687
581	0	0	34.903003632487035	215.42721215831756
582	0	0	33.900282194057695	225.30135187139567
583	0	0	31.127766193387014	225.49329825961487
584	0	0	29.81727776510093	224.8846673600826
585	0	0	27.559019335166656	224.39332509615335
586	0	0	26.959840414369246	229.09014971250568
587	0	0	25.109003539456534	223.15194370379157
588	0	0	24.332946946074944	225.52904886992496
589	0	0	22.390959604835814	171.87333048348594
590	0	0	22.390959604835814	199.45685473351952
591	0	0	22.390959604835814	167.68152560000553
592	0	0	22.390959604835814	171.65145214029158
593	0	0	22.390959604835814	169.1579947651601
594	0	0	22.872444935203006	169.2108360335836
595	0	0	23.40869469895563	169.4593299772907
596	0	0	23.90757076382439	168.65373428643093
597	0	0	25.09257658031623	168.91594751180205
598	0	0	25.34639133844433	223.76240031501288
599	0	0	25.507422857068974	224.0068971703588
600	0	0	25.507422857068974	226.0860028935491
601	0	0	25.507422857068974	224.0068971703588
602	0	0	25.34639133844433	223.55210871981564
603	0	0	25.09257658031623	168.7056559166048
604	0	0	23.90757076382439	168.44344269123363
605	0	0	23.40869469895563	168.7514204277828
606	0	0	22.872444935203006	169.0005444383863
607	0	0	22.390959604835814	168.9477031699628
608	0	0	22.390959604835814	168.67908865535398
609	0	0	22.390959604835814	161.15802666065636
610	0	0	22.390959604835814	182.43557571389934
611	0	0	22.390959604835814	171.44116054509433
612	0	0	22.59853275457764	168.4789531699628
613	0	0	23.364410493571157	166.98294422611073
614	0	0	24.792377450943068	167.7667487199054
615	0	0	24.792377450943068	224.8600864563648
616	0	0	25.206722904258953	226.62964766049714
617	0	0	26.076206323439642	221.1750035536822
618	0	0	26.64018042390003	224.2651939133515
619	0	0	27.859912010534504	225.33022690109888
620	0	0	28.18085795648045	225.59963264395688
621	0	0	28.18085795648045	225.59963264395688
622	0	0	28.18085795648045	225.59963264395688
623	0	0	28.18085795648045	227.35927320025095
624	0	0	28.18085795648045	225.5762905389536
625	0	0	28.18085795648045	225.5762905389536
626	0	0	28.18085795648045	225.5762905389536
627	0	0	27.859912010534504	225.5762905389536
628	0	0	27.859912010534504	224.51125755120623
629	0	0	26.739802327558994	224.51125755120623
630	0	0	26.739802327558994	224.51125755120623
631	0	0	26.12244793182592	220.68225525186472
632	0	0	25.507422857068974	225.62964766049714
633	0	0	25.09257658031623	223.55210871981564
634	0	0	24.52526109303534	169.2056559166048
635	0	0	22.872444935203006	170.24742937163487
636	0	0	22.642816959962115	169.4692944383863
637	0	0	22.390959604835814	176.7514899955735
638	0	0	21.925895860628344	202.85021326905306
639	0	0	21.622419924799473	212.350213269053
640	0	0	21.622419924799473	214.7461812166113
641	0	0	20.403858927461847	211.34860157374905
642	0	0	20.39895952583139	215.37019284217257
643	0	0	20.606644239272118	212.17834505993056
644	0	0	20.643364980306206	213.1783450599306
645	0	0	20.643364980306206	213.2675371954424
646	0	0	20.8981726726139	213.97749349926636
647	0	0	20.60777965951346	214.22150126032045
648	0	0	21.12803370956765	213.92499560769966
649	0	0	20.936391058270818	213.4968395176672
650	0	0	21.449055276481918	213.48967430619896
651	0	0	21.449055276481918	215.41509084178088
652	0	0	20.666259179081386	216.41509084178088
653	0	0	20.666259179081386	216.5741817508718
654	0	0	20.44870192717299	215.90744406470023
655	0	0	20.18673181433371	215.90744406470023
656	0	0	19.99533594268033	215.90744406470023
657	0	0	19.99533594268033	215.5612902185464
658	0	0	19.861758327756945	215.18393172798037
659	0	0	19.861758327756945	215.31943098508668
660	0	0	19.861758327756945	215.52752957663597
661	0	0	19.958362797452043	214.5992605225714
662	0	0	19.988310578357755	214.9275888871853
663	0	0	19.878109723648876	213.37752849214004
664	0	0	19.601285139782036	213.17079971367215
665	0	0	19.392117189088662	212.7241006438831
666	0	0	19.392117189088662	216.47309662781885
667	0	0	19.392117189088662	216.635951200613
668	0	0	19.392117189088662	216.80597032525486
669	0	0	19.392117189088662	216.86890568731124
670	0	0	19.014226918293787	217.10876328576853
671	0	0	19.014226918293787	215.35557445633572
672	0	0	19.014226918293787	212.41793880461793
673	0	0	18.990480054722767	211.28846405702404
674	0	0	18.55158209254323	211.76466627650618
675	0	0	19.068995983537082	212.41661179093705
676	0	0	19.32371296466916	212.17614309558903
677	0	0	19.32371296466916	212.17614309558903
678	0	0	19.212713593204672	211.78275671321907
679	0	0	19.45513500711091	212.7728552734802
680	0	0	19.7109821263351	211.90056568862025
681	0	0	19.7109821263351	211.65153280660866
682	0	0	19.7109821263351	211.65153280660866
683	0	0	19.7109821263351	212.3933965321231
684	0	0	19.7109821263351	212.99173448226156
685	0	0	19.7109821263351	212.99173448226156
686	0	0	19.699193603825908	212.02122372513404
687	0	0	19.439775033668685	211.6037740607045
688	0	0	19.439775033668685	211.22181669913633
689	0	0	19.439775033668685	210.72181669913633
690	0	0	19.17893955377172	210.72181669913633
691	0	0	19.439775033668685	211.22181669913633
692	0	0	19.699193603825908	211.22181669913633
693	0	0	19.192295323685165	208.28583827924456
694	0	0	19.192295323685165	207.78812922998912
695	0	0	18.909145352637108	207.54397455373012
696	0	0	18.427314314665562	207.79300743574174
697	0	0	17.790312412693485	206.79849700473926
698	0	0	17.790312412693485	206.3046051608135
699	0	0	17.790312412693485	206.3046051608135
700	0	0	17.790312412693485	205.8046051608135
701	0	0	17.790312412693485	205.8046051608135
702	0	0	17.790312412693485	205.8046051608135
703	0	0	17.790312412693485	206.11035538769661
704	0	0	17.790312412693485	206.11035538769661
705	0	0	17.790312412693485	206.11035538769661
706	0	0	17.509360338485802	206.11035538769661
707	0	0	17.509360338485802	206.11035538769661
708	0	0	17.509360338485802	206.11035538769661
709	0	0	17.509360338485802	206.11035538769661
710	0	0	17.509360338485802	206.11035538769661
711	0	0	17.509360338485802	206.11035538769661
712	0	0	17.509360338485802	206.11035538769661
713	0	0	17.509360338485802	206.11035538769661
714	0	0	17.509360338485802	206.11035538769661
715	0	0	17.509360338485802	206.11035538769661
716	0	0	17.509360338485802	206.11035538769661
717	0	0	17.509360338485802	206.11035538769661
718	0	0	17.509360338485802	206.11035538769661
719	0	0	17.509360338485802	205.89163698526994
